,time,sta,pha,prob,amp
0,2018-11-18T00:00:36.916000Z,3,p,0.457,0.003372
1,2018-11-18T00:00:36.952000Z,3,s,0.304,0.003372
2,2018-11-18T00:00:52.704500Z,20,s,0.383,0.001947
3,2018-11-18T00:01:04.053500Z,22,p,0.379,0.003337
4,2018-11-18T00:01:04.074000Z,24,p,0.399,0.003532
5,2018-11-18T00:01:04.077500Z,23,p,0.714,0.007344
6,2018-11-18T00:01:04.122000Z,24,s,0.404,0.003532
7,2018-11-18T00:01:04.132500Z,23,s,0.9,0.007344
8,2018-11-18T00:01:04.143500Z,22,s,0.844,0.003337
9,2018-11-18T00:01:04.164000Z,20,s,0.797,0.002626
10,2018-11-18T00:01:33.835500Z,20,s,0.594,0.002586
11,2018-11-18T00:01:42.695500Z,24,p,0.563,0.003998
12,2018-11-18T00:01:42.722500Z,23,s,0.479,0.002233
13,2018-11-18T00:01:42.812500Z,24,s,0.786,0.003998
14,2018-11-18T00:02:12.755500Z,5,s,0.784,0.003006
15,2018-11-18T00:03:09.714500Z,20,s,0.483,0.001926
16,2018-11-18T00:03:33.844500Z,20,s,0.67,0.002738
17,2018-11-18T00:04:02.400500Z,11,p,0.35,0.004015
18,2018-11-18T00:04:02.443000Z,11,s,0.756,0.004015
19,2018-11-18T00:04:37.369500Z,20,s,0.739,0.001788
20,2018-11-18T00:05:37.694500Z,6,s,0.374,0.001682
21,2018-11-18T00:05:38.344500Z,4,s,0.481,0.006058
22,2018-11-18T00:07:36.841000Z,5,s,0.844,0.002918
23,2018-11-18T00:07:50.752000Z,20,s,0.575,0.001957
24,2018-11-18T00:07:58.680500Z,19,p,0.536,0.001658
25,2018-11-18T00:08:02.154500Z,20,p,0.844,0.05766
26,2018-11-18T00:08:39.401000Z,20,s,0.827,0.002942
27,2018-11-18T00:09:20.992500Z,22,s,0.64,0.00515
28,2018-11-18T00:09:34.536500Z,17,p,0.602,0.00259
29,2018-11-18T00:09:34.654500Z,17,s,0.528,0.00259
30,2018-11-18T00:11:04.647500Z,22,s,0.345,0.003412
31,2018-11-18T00:11:17.995500Z,20,s,0.5,0.002231
32,2018-11-18T00:11:27.873500Z,17,s,0.32,0.002918
33,2018-11-18T00:11:56.173500Z,11,s,0.678,0.003637
34,2018-11-18T00:12:27.972500Z,23,p,0.427,0.002972
35,2018-11-18T00:12:28.062500Z,23,s,0.779,0.002972
36,2018-11-18T00:13:15.926000Z,3,s,0.376,0.003664
37,2018-11-18T00:13:16.783500Z,20,s,0.774,0.003214
38,2018-11-18T00:13:17.012000Z,20,p,0.395,0.002774
39,2018-11-18T00:13:26.317500Z,5,s,0.533,0.003287
40,2018-11-18T00:13:49.700000Z,5,s,0.765,0.002808
41,2018-11-18T00:14:05.871500Z,20,p,0.567,0.001712
42,2018-11-18T00:14:06.152500Z,20,s,0.652,0.001712
43,2018-11-18T00:14:34.578500Z,5,p,0.379,0.001634
44,2018-11-18T00:14:34.593500Z,6,p,0.426,0.001881
45,2018-11-18T00:14:35.130500Z,6,s,0.507,0.001907
46,2018-11-18T00:14:37.090500Z,6,s,0.382,0.001799
47,2018-11-18T00:14:48.396000Z,13,s,0.576,0.002295
48,2018-11-18T00:15:27.377500Z,23,s,0.638,0.00316
49,2018-11-18T00:15:33.899500Z,24,p,0.984,7.561
50,2018-11-18T00:15:33.905000Z,23,p,0.975,7.365
51,2018-11-18T00:15:33.910000Z,22,p,0.978,2.754
52,2018-11-18T00:15:33.915500Z,21,p,0.98,1.896
53,2018-11-18T00:15:33.921000Z,20,p,0.98,2.261
54,2018-11-18T00:15:33.926000Z,19,p,0.98,2.441
55,2018-11-18T00:15:33.931500Z,18,p,0.984,2.006
56,2018-11-18T00:15:33.937500Z,17,p,0.983,1.923
57,2018-11-18T00:15:33.942000Z,16,p,0.976,1.144
58,2018-11-18T00:15:33.947500Z,15,p,0.977,0.7762
59,2018-11-18T00:15:33.953500Z,14,p,0.978,1.328
60,2018-11-18T00:15:33.955000Z,24,s,0.961,7.561
61,2018-11-18T00:15:33.960000Z,13,p,0.975,1.086
62,2018-11-18T00:15:33.963500Z,23,s,0.963,7.365
63,2018-11-18T00:15:33.965500Z,12,p,0.977,1.095
64,2018-11-18T00:15:33.970000Z,11,p,0.978,0.5006
65,2018-11-18T00:15:33.971500Z,22,s,0.971,2.754
66,2018-11-18T00:15:33.975500Z,10,p,0.981,0.5231
67,2018-11-18T00:15:33.980500Z,9,p,0.973,0.456
68,2018-11-18T00:15:33.980500Z,21,s,0.954,1.896
69,2018-11-18T00:15:33.986000Z,8,p,0.977,0.3726
70,2018-11-18T00:15:33.989500Z,20,s,0.939,2.261
71,2018-11-18T00:15:33.991500Z,7,p,0.979,0.3167
72,2018-11-18T00:15:33.997000Z,6,p,0.981,0.4047
73,2018-11-18T00:15:33.999000Z,19,s,0.962,2.441
74,2018-11-18T00:15:34.002000Z,5,p,0.979,0.2157
75,2018-11-18T00:15:34.008000Z,4,p,0.98,0.2413
76,2018-11-18T00:15:34.008500Z,18,s,0.941,2.006
77,2018-11-18T00:15:34.013500Z,3,p,0.98,0.2314
78,2018-11-18T00:15:34.017000Z,17,s,0.949,1.923
79,2018-11-18T00:15:34.019000Z,2,p,0.979,0.2687
80,2018-11-18T00:15:34.024000Z,1,p,0.977,0.1759
81,2018-11-18T00:15:34.027000Z,16,s,0.957,1.144
82,2018-11-18T00:15:34.037500Z,15,s,0.959,0.7762
83,2018-11-18T00:15:34.049000Z,14,s,0.911,1.328
84,2018-11-18T00:15:34.058500Z,13,s,0.906,1.086
85,2018-11-18T00:15:34.067000Z,12,s,0.934,1.095
86,2018-11-18T00:15:34.077000Z,11,s,0.932,0.5006
87,2018-11-18T00:15:34.084500Z,10,s,0.861,0.5231
88,2018-11-18T00:15:34.099000Z,9,s,0.788,0.456
89,2018-11-18T00:15:34.107000Z,8,s,0.845,0.3726
90,2018-11-18T00:15:34.112000Z,7,s,0.86,0.3167
91,2018-11-18T00:15:34.125000Z,6,s,0.707,0.4047
92,2018-11-18T00:15:34.131000Z,5,s,0.87,0.2157
93,2018-11-18T00:15:34.140500Z,4,s,0.933,0.2413
94,2018-11-18T00:15:34.149000Z,3,s,0.914,0.2314
95,2018-11-18T00:15:34.160000Z,2,s,0.852,0.2687
96,2018-11-18T00:15:34.167000Z,1,s,0.814,0.1759
97,2018-11-18T00:15:35.434500Z,12,p,0.388,0.008112
98,2018-11-18T00:15:35.488000Z,15,p,0.83,0.004982
99,2018-11-18T00:15:35.622000Z,24,p,0.948,0.04924
100,2018-11-18T00:15:35.628000Z,23,p,0.91,0.0501
101,2018-11-18T00:15:35.636500Z,22,p,0.646,0.01981
102,2018-11-18T00:15:35.639000Z,21,p,0.939,0.01387
103,2018-11-18T00:15:35.644000Z,20,p,0.943,0.01505
104,2018-11-18T00:15:35.650000Z,19,p,0.97,0.01537
105,2018-11-18T00:15:35.655500Z,18,p,0.952,0.01306
106,2018-11-18T00:15:35.661500Z,16,p,0.371,0.008056
107,2018-11-18T00:15:35.661500Z,17,p,0.867,0.01286
108,2018-11-18T00:15:35.676500Z,14,p,0.479,0.007654
109,2018-11-18T00:15:35.679000Z,24,s,0.953,0.04924
110,2018-11-18T00:15:35.684500Z,13,p,0.81,0.008427
111,2018-11-18T00:15:35.687500Z,23,s,0.964,0.0501
112,2018-11-18T00:15:35.696000Z,22,s,0.959,0.01981
113,2018-11-18T00:15:35.704000Z,21,s,0.956,0.01387
114,2018-11-18T00:15:35.713000Z,20,s,0.914,0.01505
115,2018-11-18T00:15:35.722000Z,19,s,0.937,0.01537
116,2018-11-18T00:15:35.731500Z,18,s,0.937,0.01306
117,2018-11-18T00:15:35.741000Z,17,s,0.925,0.01286
118,2018-11-18T00:15:35.752000Z,16,s,0.855,0.008056
119,2018-11-18T00:15:35.760500Z,15,s,0.887,0.004982
120,2018-11-18T00:15:35.772500Z,14,s,0.385,0.007654
121,2018-11-18T00:15:35.784500Z,13,s,0.543,0.008427
122,2018-11-18T00:15:35.789500Z,12,s,0.556,0.008112
123,2018-11-18T00:15:35.800000Z,11,s,0.473,0.003669
124,2018-11-18T00:15:35.808500Z,10,s,0.632,0.003757
125,2018-11-18T00:15:51.590500Z,6,p,0.369,0.00199
126,2018-11-18T00:15:59.779500Z,24,p,0.982,0.3709
127,2018-11-18T00:15:59.785000Z,23,p,0.978,0.3787
128,2018-11-18T00:15:59.789500Z,22,p,0.973,0.1438
129,2018-11-18T00:15:59.795500Z,21,p,0.979,0.108
130,2018-11-18T00:15:59.801000Z,20,p,0.979,0.119
131,2018-11-18T00:15:59.806000Z,19,p,0.98,0.1298
132,2018-11-18T00:15:59.811500Z,18,p,0.982,0.1055
133,2018-11-18T00:15:59.817000Z,17,p,0.979,0.1025
134,2018-11-18T00:15:59.823000Z,16,p,0.981,0.06398
135,2018-11-18T00:15:59.827500Z,15,p,0.969,0.04445
136,2018-11-18T00:15:59.834000Z,14,p,0.974,0.07248
137,2018-11-18T00:15:59.835000Z,24,s,0.961,0.3709
138,2018-11-18T00:15:59.840000Z,13,p,0.978,0.06245
139,2018-11-18T00:15:59.843500Z,23,s,0.97,0.3787
140,2018-11-18T00:15:59.845500Z,12,p,0.979,0.05947
141,2018-11-18T00:15:59.850500Z,11,p,0.975,0.02548
142,2018-11-18T00:15:59.851500Z,22,s,0.971,0.1438
143,2018-11-18T00:15:59.855500Z,10,p,0.98,0.02643
144,2018-11-18T00:15:59.860500Z,21,s,0.96,0.108
145,2018-11-18T00:15:59.861500Z,9,p,0.978,0.02181
146,2018-11-18T00:15:59.867000Z,8,p,0.968,0.02138
147,2018-11-18T00:15:59.870000Z,20,s,0.947,0.119
148,2018-11-18T00:15:59.871500Z,7,p,0.97,0.01868
149,2018-11-18T00:15:59.877000Z,6,p,0.967,0.02172
150,2018-11-18T00:15:59.878500Z,19,s,0.963,0.1298
151,2018-11-18T00:15:59.883000Z,5,p,0.966,0.01216
152,2018-11-18T00:15:59.888500Z,18,s,0.959,0.1055
153,2018-11-18T00:15:59.889000Z,4,p,0.97,0.01436
154,2018-11-18T00:15:59.893000Z,3,p,0.923,0.01418
155,2018-11-18T00:15:59.897500Z,17,s,0.96,0.1025
156,2018-11-18T00:15:59.899500Z,2,p,0.968,0.01509
157,2018-11-18T00:15:59.906000Z,1,p,0.954,0.009234
158,2018-11-18T00:15:59.907000Z,16,s,0.954,0.06398
159,2018-11-18T00:15:59.917500Z,15,s,0.955,0.04445
160,2018-11-18T00:15:59.929000Z,14,s,0.914,0.07248
161,2018-11-18T00:15:59.938500Z,13,s,0.913,0.06245
162,2018-11-18T00:15:59.947000Z,12,s,0.911,0.05947
163,2018-11-18T00:15:59.957000Z,11,s,0.921,0.02548
164,2018-11-18T00:15:59.964500Z,10,s,0.846,0.02643
165,2018-11-18T00:15:59.979000Z,9,s,0.785,0.02181
166,2018-11-18T00:15:59.988000Z,8,s,0.824,0.02138
167,2018-11-18T00:15:59.994000Z,7,s,0.773,0.01868
168,2018-11-18T00:16:00.004500Z,6,s,0.719,0.02172
169,2018-11-18T00:16:00.010500Z,5,s,0.881,0.01216
170,2018-11-18T00:16:00.020500Z,4,s,0.93,0.01436
171,2018-11-18T00:16:00.029000Z,3,s,0.913,0.01418
172,2018-11-18T00:16:00.040000Z,2,s,0.858,0.01509
173,2018-11-18T00:16:00.048000Z,1,s,0.825,0.009234
174,2018-11-18T00:16:11.771500Z,24,p,0.807,0.007276
175,2018-11-18T00:16:11.773500Z,1,p,0.335,0.002522
176,2018-11-18T00:16:11.775500Z,23,p,0.939,0.005223
177,2018-11-18T00:16:11.783500Z,20,p,0.657,0.004795
178,2018-11-18T00:16:11.785500Z,21,p,0.723,0.005254
179,2018-11-18T00:16:11.793500Z,19,p,0.881,0.002717
180,2018-11-18T00:16:11.805500Z,17,p,0.904,0.001967
181,2018-11-18T00:16:11.824500Z,13,p,0.715,0.001952
182,2018-11-18T00:16:11.883000Z,24,s,0.911,0.007276
183,2018-11-18T00:16:11.890000Z,1,s,0.707,0.002522
184,2018-11-18T00:16:11.891500Z,23,s,0.919,0.005223
185,2018-11-18T00:16:11.898000Z,22,s,0.846,0.003619
186,2018-11-18T00:16:11.903000Z,21,s,0.748,0.005254
187,2018-11-18T00:16:11.916500Z,20,s,0.855,0.004795
188,2018-11-18T00:16:11.923000Z,19,s,0.859,0.002717
189,2018-11-18T00:16:11.939000Z,17,s,0.724,0.001967
190,2018-11-18T00:16:22.893500Z,10,s,0.634,0.003376
191,2018-11-18T00:17:54.792000Z,20,p,0.756,0.003189
192,2018-11-18T00:17:54.912000Z,20,s,0.858,0.003189
193,2018-11-18T00:18:06.139000Z,24,p,0.972,0.08705
194,2018-11-18T00:18:06.145000Z,23,p,0.979,0.09136
195,2018-11-18T00:18:06.151000Z,22,p,0.976,0.03326
196,2018-11-18T00:18:06.155500Z,21,p,0.966,0.02022
197,2018-11-18T00:18:06.161000Z,20,p,0.949,0.02502
198,2018-11-18T00:18:06.164500Z,7,p,0.66,0.003698
199,2018-11-18T00:18:06.166000Z,19,p,0.945,0.02622
200,2018-11-18T00:18:06.172000Z,18,p,0.971,0.02314
201,2018-11-18T00:18:06.177000Z,17,p,0.97,0.02253
202,2018-11-18T00:18:06.184000Z,16,p,0.953,0.01443
203,2018-11-18T00:18:06.189500Z,15,p,0.846,0.007728
204,2018-11-18T00:18:06.194500Z,24,s,0.962,0.08705
205,2018-11-18T00:18:06.195000Z,14,p,0.964,0.01496
206,2018-11-18T00:18:06.201000Z,13,p,0.971,0.01148
207,2018-11-18T00:18:06.203000Z,23,s,0.964,0.09136
208,2018-11-18T00:18:06.206000Z,12,p,0.953,0.01208
209,2018-11-18T00:18:06.210500Z,11,p,0.909,0.006149
210,2018-11-18T00:18:06.211500Z,22,s,0.973,0.03326
211,2018-11-18T00:18:06.213500Z,10,p,0.869,0.006164
212,2018-11-18T00:18:06.220500Z,21,s,0.944,0.02022
213,2018-11-18T00:18:06.223500Z,9,p,0.806,0.005286
214,2018-11-18T00:18:06.228000Z,8,p,0.745,0.004351
215,2018-11-18T00:18:06.229500Z,20,s,0.943,0.02502
216,2018-11-18T00:18:06.238500Z,19,s,0.963,0.02622
217,2018-11-18T00:18:06.238500Z,6,p,0.315,0.004341
218,2018-11-18T00:18:06.248500Z,18,s,0.956,0.02314
219,2018-11-18T00:18:06.251500Z,4,p,0.876,0.003066
220,2018-11-18T00:18:06.256500Z,17,s,0.938,0.02253
221,2018-11-18T00:18:06.262000Z,2,p,0.779,0.003145
222,2018-11-18T00:18:06.266500Z,16,s,0.949,0.01443
223,2018-11-18T00:18:06.271500Z,5,p,0.849,0.00321
224,2018-11-18T00:18:06.277500Z,15,s,0.949,0.007728
225,2018-11-18T00:18:06.288500Z,14,s,0.92,0.01496
226,2018-11-18T00:18:06.293500Z,3,p,0.6,0.002905
227,2018-11-18T00:18:06.299000Z,13,s,0.922,0.01148
228,2018-11-18T00:18:06.306500Z,12,s,0.93,0.01208
229,2018-11-18T00:18:06.317500Z,11,s,0.938,0.006149
230,2018-11-18T00:18:06.326000Z,10,s,0.913,0.006164
231,2018-11-18T00:18:06.339000Z,9,s,0.83,0.005286
232,2018-11-18T00:18:06.348500Z,8,s,0.832,0.004351
233,2018-11-18T00:18:06.354500Z,7,s,0.631,0.003698
234,2018-11-18T00:18:06.366500Z,6,s,0.673,0.004341
235,2018-11-18T00:18:06.375500Z,5,s,0.833,0.00321
236,2018-11-18T00:18:06.380500Z,4,s,0.836,0.003066
237,2018-11-18T00:18:06.392000Z,3,s,0.868,0.002905
238,2018-11-18T00:18:06.402500Z,2,s,0.842,0.003145
239,2018-11-18T00:18:06.409000Z,1,s,0.696,0.002595
240,2018-11-18T00:18:53.165500Z,5,s,0.304,0.002193
241,2018-11-18T00:20:05.168500Z,24,s,0.653,0.0042
242,2018-11-18T00:20:17.627500Z,5,s,0.845,0.002464
243,2018-11-18T00:20:36.702000Z,6,p,0.499,0.001581
244,2018-11-18T00:20:37.324500Z,5,p,0.336,0.001814
245,2018-11-18T00:21:20.541500Z,19,s,0.375,0.002206
246,2018-11-18T00:21:42.111500Z,6,p,0.41,0.001533
247,2018-11-18T00:21:43.217500Z,5,p,0.462,0.001697
248,2018-11-18T00:21:44.404000Z,5,s,0.419,0.001903
249,2018-11-18T00:21:44.434500Z,6,s,0.4,0.002022
250,2018-11-18T00:21:45.618500Z,5,s,0.475,0.002412
251,2018-11-18T00:21:45.640000Z,6,s,0.428,0.002256
252,2018-11-18T00:21:45.946500Z,6,p,0.3,0.004477
253,2018-11-18T00:21:46.075000Z,6,s,0.878,0.004477
254,2018-11-18T00:22:08.099500Z,5,s,0.309,0.001503
255,2018-11-18T00:22:08.119500Z,6,s,0.368,0.001627
256,2018-11-18T00:22:10.652000Z,5,s,0.422,0.001812
257,2018-11-18T00:22:14.332500Z,23,s,0.305,0.002949
258,2018-11-18T00:22:47.451500Z,22,s,0.81,0.005104
259,2018-11-18T00:22:53.580500Z,13,p,0.947,0.01114
260,2018-11-18T00:22:53.601500Z,12,p,0.875,0.008925
261,2018-11-18T00:22:53.696500Z,9,p,0.358,0.002117
262,2018-11-18T00:22:53.726500Z,8,p,0.36,0.002512
263,2018-11-18T00:22:53.735500Z,16,p,0.303,0.001555
264,2018-11-18T00:22:53.763000Z,16,p,0.444,0.006683
265,2018-11-18T00:22:53.765500Z,15,s,0.323,0.003878
266,2018-11-18T00:22:53.766500Z,11,p,0.426,0.003503
267,2018-11-18T00:22:53.772500Z,17,p,0.349,0.007754
268,2018-11-18T00:22:53.773500Z,22,p,0.354,0.002329
269,2018-11-18T00:22:53.775500Z,16,s,0.884,0.006683
270,2018-11-18T00:22:53.795000Z,17,s,0.837,0.007754
271,2018-11-18T00:22:53.806500Z,13,s,0.835,0.01114
272,2018-11-18T00:22:53.814500Z,23,p,0.427,0.002841
273,2018-11-18T00:22:53.827500Z,12,s,0.797,0.008925
274,2018-11-18T00:22:53.836000Z,19,s,0.528,0.00394
275,2018-11-18T00:22:53.850000Z,11,s,0.708,0.003503
276,2018-11-18T00:22:53.856000Z,20,s,0.735,0.002353
277,2018-11-18T00:22:53.874500Z,24,p,0.427,0.006009
278,2018-11-18T00:22:53.896500Z,22,s,0.88,0.002329
279,2018-11-18T00:22:53.897500Z,9,s,0.417,0.002117
280,2018-11-18T00:22:53.917000Z,8,s,0.779,0.002512
281,2018-11-18T00:22:53.919000Z,23,s,0.825,0.002841
282,2018-11-18T00:22:53.936500Z,24,s,0.829,0.006009
283,2018-11-18T00:22:53.997500Z,4,s,0.581,0.00155
284,2018-11-18T00:22:54.065000Z,1,s,0.657,0.00194
285,2018-11-18T00:23:30.009500Z,5,p,0.33,0.001511
286,2018-11-18T00:23:30.054500Z,6,p,0.41,0.001794
287,2018-11-18T00:23:30.446000Z,20,s,0.778,0.003149
288,2018-11-18T00:23:31.520500Z,6,s,0.324,0.001712
289,2018-11-18T00:25:16.868500Z,10,p,0.321,0.001876
290,2018-11-18T00:26:45.700500Z,22,s,0.585,0.003169
291,2018-11-18T00:27:02.006000Z,20,s,0.396,0.002476
292,2018-11-18T00:27:41.644000Z,20,s,0.38,0.002707
293,2018-11-18T00:28:12.477500Z,20,s,0.458,0.001985
294,2018-11-18T00:28:22.047000Z,11,s,0.901,0.004502
295,2018-11-18T00:28:24.564500Z,5,s,0.61,0.003368
296,2018-11-18T00:28:39.372000Z,23,s,0.579,0.002229
297,2018-11-18T00:28:44.027500Z,20,p,0.78,0.002896
298,2018-11-18T00:28:44.238000Z,20,s,0.841,0.002896
299,2018-11-18T00:29:02.763500Z,1,s,0.318,0.001792
300,2018-11-18T00:30:02.099500Z,5,s,0.519,0.002947
301,2018-11-18T00:30:32.715500Z,6,s,0.357,0.001909
302,2018-11-18T00:30:33.599500Z,6,s,0.324,0.00181
303,2018-11-18T00:30:51.896000Z,17,p,0.39,0.002008
304,2018-11-18T00:31:01.581500Z,19,s,0.42,0.004019
305,2018-11-18T00:31:05.567500Z,6,s,0.343,0.001659
306,2018-11-18T00:31:07.967500Z,6,s,0.316,0.00193
307,2018-11-18T00:31:09.253500Z,6,s,0.344,0.001912
308,2018-11-18T00:31:10.526500Z,6,s,0.306,0.001713
309,2018-11-18T00:31:40.765000Z,17,s,0.741,0.002908
310,2018-11-18T00:31:46.433500Z,22,s,0.332,0.002376
311,2018-11-18T00:32:31.717500Z,24,s,0.461,0.004541
312,2018-11-18T00:32:47.087500Z,6,s,0.369,0.001565
313,2018-11-18T00:33:01.777500Z,20,p,0.302,0.002595
314,2018-11-18T00:33:01.896500Z,20,s,0.695,0.002595
315,2018-11-18T00:34:09.923000Z,20,s,0.852,0.002848
316,2018-11-18T00:34:14.551500Z,5,p,0.46,0.00279
317,2018-11-18T00:34:14.665500Z,5,s,0.646,0.00279
318,2018-11-18T00:34:17.758500Z,23,p,0.391,0.002401
319,2018-11-18T00:34:17.847000Z,24,s,0.684,0.003285
320,2018-11-18T00:34:17.859000Z,23,s,0.837,0.002401
321,2018-11-18T00:34:22.636500Z,22,s,0.561,0.004339
322,2018-11-18T00:34:38.637500Z,20,s,0.304,0.002284
323,2018-11-18T00:34:45.240000Z,1,s,0.742,0.002164
324,2018-11-18T00:34:50.191500Z,17,p,0.449,0.002
325,2018-11-18T00:34:50.297500Z,17,s,0.404,0.002
326,2018-11-18T00:35:26.768500Z,5,s,0.349,0.002296
327,2018-11-18T00:35:32.862000Z,15,s,0.349,0.003949
328,2018-11-18T00:35:49.431500Z,6,s,0.33,0.001679
329,2018-11-18T00:36:07.751500Z,20,p,0.409,0.001495
330,2018-11-18T00:36:07.914500Z,20,s,0.605,0.001493
331,2018-11-18T00:37:21.591000Z,11,p,0.364,0.0042
332,2018-11-18T00:37:21.685000Z,11,s,0.818,0.0042
333,2018-11-18T00:37:29.353500Z,20,p,0.341,0.001707
334,2018-11-18T00:38:46.291500Z,24,s,0.544,0.005348
335,2018-11-18T00:38:55.120500Z,2,s,0.704,0.003542
336,2018-11-18T00:39:03.741500Z,17,s,0.421,0.004486
337,2018-11-18T00:39:58.034500Z,20,p,0.316,0.003859
338,2018-11-18T00:39:58.039500Z,20,s,0.519,0.003859
339,2018-11-18T00:41:38.388000Z,20,p,0.322,0.001855
340,2018-11-18T00:41:45.793500Z,23,s,0.461,0.002258
341,2018-11-18T00:42:17.985500Z,23,s,0.428,0.003758
342,2018-11-18T00:42:47.589500Z,17,s,0.524,0.002807
343,2018-11-18T00:43:29.119500Z,21,p,0.349,0.003599
344,2018-11-18T00:44:23.872000Z,20,s,0.625,0.002476
345,2018-11-18T00:45:12.141500Z,10,s,0.33,0.001542
346,2018-11-18T00:45:15.616500Z,11,s,0.718,0.003301
347,2018-11-18T00:45:42.645500Z,22,p,0.364,0.004911
348,2018-11-18T00:45:42.758500Z,22,s,0.441,0.004911
349,2018-11-18T00:46:04.512000Z,4,s,0.703,0.005839
350,2018-11-18T00:46:14.201500Z,5,s,0.35,0.003498
351,2018-11-18T00:46:30.520000Z,5,s,0.42,0.001621
352,2018-11-18T00:47:07.365500Z,1,s,0.378,0.001675
353,2018-11-18T00:48:24.226500Z,23,s,0.391,0.002583
354,2018-11-18T00:48:28.988500Z,24,p,0.421,0.00492
355,2018-11-18T00:48:29.094500Z,24,s,0.55,0.00492
356,2018-11-18T00:48:45.451500Z,20,s,0.559,0.001991
357,2018-11-18T00:48:50.834500Z,17,s,0.426,0.003216
358,2018-11-18T00:50:01.228500Z,20,s,0.757,0.002722
359,2018-11-18T00:51:10.375500Z,24,s,0.524,0.005212
360,2018-11-18T00:52:17.949500Z,23,s,0.598,0.003345
361,2018-11-18T00:52:36.004500Z,20,p,0.372,0.002401
362,2018-11-18T00:52:36.172000Z,20,s,0.668,0.002401
363,2018-11-18T00:52:36.857500Z,5,s,0.324,0.002822
364,2018-11-18T00:52:45.813500Z,1,s,0.422,0.002456
365,2018-11-18T00:53:30.871500Z,11,p,0.388,0.004345
366,2018-11-18T00:53:30.994000Z,11,s,0.825,0.004345
367,2018-11-18T00:54:08.744000Z,8,s,0.827,0.00413
368,2018-11-18T00:54:20.294500Z,5,p,0.461,0.003312
369,2018-11-18T00:54:20.358500Z,5,s,0.809,0.003312
370,2018-11-18T00:54:49.739500Z,17,s,0.44,0.002413
371,2018-11-18T00:54:51.020500Z,20,p,0.418,0.002585
372,2018-11-18T00:54:51.132000Z,20,s,0.761,0.002585
373,2018-11-18T00:54:59.794000Z,20,p,0.443,0.001742
374,2018-11-18T00:54:59.986500Z,20,s,0.488,0.001742
375,2018-11-18T00:55:01.065500Z,1,s,0.361,0.001537
376,2018-11-18T00:55:35.827500Z,1,s,0.305,0.0016
377,2018-11-18T00:55:41.108000Z,23,s,0.666,0.002472
378,2018-11-18T00:57:13.493000Z,24,s,0.6,0.005477
379,2018-11-18T00:58:30.441500Z,12,s,0.312,0.00256
380,2018-11-18T00:58:40.924500Z,19,p,0.466,0.002428
381,2018-11-18T00:58:41.171500Z,19,s,0.415,0.002428
382,2018-11-18T00:59:18.985500Z,17,s,0.526,0.00296
383,2018-11-18T00:59:57.971500Z,7,s,0.369,0.1172
384,2018-11-18T00:59:57.972000Z,7,p,0.387,0.1172
385,2018-11-18T00:59:57.980500Z,8,s,0.317,0.008051
386,2018-11-18T01:00:06.958000Z,17,s,0.429,0.001825
387,2018-11-18T01:00:17.941500Z,20,p,0.434,0.003009
388,2018-11-18T01:00:18.043500Z,20,s,0.832,0.003009
389,2018-11-18T01:00:53.378500Z,11,p,0.376,0.003602
390,2018-11-18T01:00:53.492500Z,11,s,0.568,0.003602
391,2018-11-18T01:01:02.471000Z,15,p,0.431,0.003465
392,2018-11-18T01:02:44.324000Z,5,s,0.544,0.002786
393,2018-11-18T01:03:36.362000Z,10,p,0.392,0.003098
394,2018-11-18T01:03:36.405500Z,10,s,0.617,0.003098
395,2018-11-18T01:03:55.906500Z,5,s,0.777,0.0029
396,2018-11-18T01:04:06.608500Z,5,p,0.305,0.002025
397,2018-11-18T01:04:10.410000Z,13,p,0.48,0.00232
398,2018-11-18T01:04:11.634500Z,5,s,0.361,0.001927
399,2018-11-18T01:05:37.965500Z,5,p,0.302,0.001993
400,2018-11-18T01:05:38.133500Z,13,p,0.363,0.001965
401,2018-11-18T01:05:48.159500Z,5,s,0.419,0.001658
402,2018-11-18T01:05:59.848500Z,3,s,0.332,0.003677
403,2018-11-18T01:06:06.129500Z,19,s,0.804,0.007188
404,2018-11-18T01:06:10.652500Z,20,p,0.516,0.003558
405,2018-11-18T01:06:10.766500Z,20,s,0.874,0.003558
406,2018-11-18T01:06:46.949500Z,19,p,0.468,0.001901
407,2018-11-18T01:06:47.073500Z,19,s,0.436,0.001901
408,2018-11-18T01:06:57.186500Z,18,s,0.435,0.00278
409,2018-11-18T01:07:03.950000Z,7,s,0.324,0.004398
410,2018-11-18T01:08:16.750500Z,11,s,0.762,0.00466
411,2018-11-18T01:08:19.377500Z,5,s,0.609,0.002325
412,2018-11-18T01:09:05.869500Z,24,s,0.357,0.005549
413,2018-11-18T01:09:26.670500Z,19,s,0.549,0.00213
414,2018-11-18T01:09:28.864000Z,7,p,0.461,0.002075
415,2018-11-18T01:10:30.466000Z,20,s,0.806,0.00271
416,2018-11-18T01:10:31.438000Z,5,s,0.881,0.003871
417,2018-11-18T01:11:00.952500Z,22,s,0.709,0.00456
418,2018-11-18T01:11:02.172500Z,1,s,0.601,0.002903
419,2018-11-18T01:11:58.779500Z,20,p,0.746,0.002071
420,2018-11-18T01:11:59.006000Z,20,s,0.581,0.002071
421,2018-11-18T01:13:30.984500Z,5,s,0.478,0.001984
422,2018-11-18T01:15:05.480500Z,24,s,0.449,0.004378
423,2018-11-18T01:15:18.702000Z,9,s,0.414,0.005872
424,2018-11-18T01:15:18.704500Z,8,s,0.787,0.007536
425,2018-11-18T01:15:37.956000Z,23,s,0.691,0.002892
426,2018-11-18T01:16:11.996500Z,20,s,0.772,0.002684
427,2018-11-18T01:16:12.159500Z,11,p,0.519,0.004781
428,2018-11-18T01:16:12.287500Z,11,s,0.796,0.004781
429,2018-11-18T01:16:24.369500Z,5,p,0.554,0.0031
430,2018-11-18T01:16:58.246500Z,20,p,0.669,0.001691
431,2018-11-18T01:16:58.488500Z,20,s,0.622,0.001691
432,2018-11-18T01:17:39.743500Z,13,s,0.596,0.004802
433,2018-11-18T01:17:45.511500Z,20,p,0.849,0.002878
434,2018-11-18T01:17:45.641000Z,20,s,0.906,0.002878
435,2018-11-18T01:18:25.698500Z,22,s,0.344,0.0024
436,2018-11-18T01:19:39.357500Z,20,s,0.492,0.001753
437,2018-11-18T01:20:05.269500Z,23,s,0.606,0.002306
438,2018-11-18T01:20:53.228500Z,23,p,0.471,0.003211
439,2018-11-18T01:20:53.476000Z,23,s,0.587,0.003211
440,2018-11-18T01:20:58.487000Z,20,s,0.837,0.002321
441,2018-11-18T01:21:14.725500Z,22,s,0.717,0.005757
442,2018-11-18T01:21:34.379500Z,16,p,0.604,0.005373
443,2018-11-18T01:21:34.404500Z,16,s,0.791,0.005373
444,2018-11-18T01:21:34.439500Z,13,s,0.782,0.007449
445,2018-11-18T01:21:34.456500Z,12,s,0.68,0.00527
446,2018-11-18T01:21:34.539500Z,8,s,0.408,0.001745
447,2018-11-18T01:21:34.543000Z,23,s,0.538,0.001574
448,2018-11-18T01:21:34.565500Z,24,s,0.611,0.003739
449,2018-11-18T01:22:37.294500Z,13,s,0.607,0.002722
450,2018-11-18T01:22:41.397000Z,5,s,0.724,0.003399
451,2018-11-18T01:22:42.637500Z,23,s,0.337,0.002359
452,2018-11-18T01:24:18.542500Z,11,s,0.583,0.003484
453,2018-11-18T01:24:23.233000Z,5,s,0.821,0.002567
454,2018-11-18T01:24:59.561500Z,20,p,0.741,0.002634
455,2018-11-18T01:24:59.706000Z,20,s,0.587,0.002634
456,2018-11-18T01:26:29.099500Z,20,p,0.301,0.002548
457,2018-11-18T01:26:29.245000Z,20,s,0.812,0.002548
458,2018-11-18T01:26:34.033500Z,4,s,0.475,0.006341
459,2018-11-18T01:26:57.684500Z,20,p,0.425,0.00184
460,2018-11-18T01:26:57.925500Z,20,s,0.379,0.00184
461,2018-11-18T01:27:15.807000Z,24,s,0.772,0.004521
462,2018-11-18T01:27:18.008500Z,23,p,0.353,0.004668
463,2018-11-18T01:27:18.052500Z,23,s,0.497,0.004668
464,2018-11-18T01:28:29.337000Z,10,s,0.785,0.008314
465,2018-11-18T01:28:45.524500Z,19,s,0.324,0.003524
466,2018-11-18T01:29:08.355500Z,1,s,0.662,0.002596
467,2018-11-18T01:29:36.372000Z,5,s,0.637,0.002178
468,2018-11-18T01:31:02.385500Z,15,p,0.477,0.0323
469,2018-11-18T01:31:35.710000Z,3,s,0.487,0.003958
470,2018-11-18T01:32:15.109500Z,23,s,0.771,0.003351
471,2018-11-18T01:32:17.020000Z,17,s,0.596,0.004278
472,2018-11-18T01:32:17.392000Z,20,s,0.745,0.004175
473,2018-11-18T01:32:39.994500Z,11,s,0.656,0.004472
474,2018-11-18T01:32:59.464500Z,5,s,0.312,0.001602
475,2018-11-18T01:33:17.341500Z,23,s,0.325,0.002565
476,2018-11-18T01:33:23.123500Z,24,s,0.648,0.005029
477,2018-11-18T01:33:32.472500Z,5,s,0.79,0.003518
478,2018-11-18T01:34:16.704500Z,22,p,0.396,0.005048
479,2018-11-18T01:34:16.826000Z,22,s,0.757,0.005048
480,2018-11-18T01:35:32.384500Z,19,s,0.366,0.006971
481,2018-11-18T01:35:59.896500Z,6,s,0.399,0.001527
482,2018-11-18T01:36:11.371500Z,5,p,0.323,0.002095
483,2018-11-18T01:36:11.414500Z,2,s,0.395,0.001945
484,2018-11-18T01:36:11.751500Z,18,s,0.376,0.002402
485,2018-11-18T01:36:17.378500Z,19,s,0.573,0.002281
486,2018-11-18T01:36:22.479000Z,20,s,0.665,0.002853
487,2018-11-18T01:37:08.655000Z,20,s,0.679,0.001858
488,2018-11-18T01:37:13.291500Z,5,s,0.547,0.00332
489,2018-11-18T01:37:41.132000Z,23,s,0.587,0.002404
490,2018-11-18T01:37:44.375500Z,13,p,0.314,0.002544
491,2018-11-18T01:37:44.398500Z,12,s,0.425,0.002277
492,2018-11-18T01:37:46.383500Z,2,s,0.303,0.001806
493,2018-11-18T01:38:20.886500Z,20,p,0.372,0.001793
494,2018-11-18T01:38:53.870500Z,6,s,0.317,0.001533
495,2018-11-18T01:40:05.204500Z,8,p,0.354,0.002587
496,2018-11-18T01:40:05.380000Z,8,s,0.712,0.002587
497,2018-11-18T01:40:55.078000Z,1,s,0.82,0.002333
498,2018-11-18T01:41:09.231500Z,11,s,0.303,0.00403
499,2018-11-18T01:41:29.396500Z,9,s,0.778,0.002208
500,2018-11-18T01:41:51.892000Z,20,p,0.562,0.003261
501,2018-11-18T01:41:52.025000Z,20,s,0.852,0.003261
502,2018-11-18T01:42:06.457500Z,24,p,0.984,4.297
503,2018-11-18T01:42:06.463500Z,23,p,0.985,7.851
504,2018-11-18T01:42:06.469000Z,22,p,0.98,6.228
505,2018-11-18T01:42:06.474500Z,21,p,0.984,4.175
506,2018-11-18T01:42:06.481000Z,20,p,0.984,2.443
507,2018-11-18T01:42:06.486000Z,19,p,0.985,1.377
508,2018-11-18T01:42:06.492000Z,18,p,0.984,0.7565
509,2018-11-18T01:42:06.498500Z,17,p,0.985,0.9754
510,2018-11-18T01:42:06.504000Z,16,p,0.985,1.058
511,2018-11-18T01:42:06.505000Z,24,s,0.968,4.297
512,2018-11-18T01:42:06.509500Z,15,p,0.983,0.9156
513,2018-11-18T01:42:06.515500Z,14,p,0.985,0.5374
514,2018-11-18T01:42:06.515500Z,23,s,0.971,7.851
515,2018-11-18T01:42:06.523000Z,13,p,0.977,0.5947
516,2018-11-18T01:42:06.524500Z,22,s,0.958,6.228
517,2018-11-18T01:42:06.528500Z,12,p,0.981,0.4993
518,2018-11-18T01:42:06.533500Z,11,p,0.982,0.366
519,2018-11-18T01:42:06.534500Z,21,s,0.957,4.175
520,2018-11-18T01:42:06.540000Z,10,p,0.985,0.3115
521,2018-11-18T01:42:06.544500Z,20,s,0.955,2.443
522,2018-11-18T01:42:06.545500Z,9,p,0.982,0.3312
523,2018-11-18T01:42:06.552000Z,8,p,0.981,0.3479
524,2018-11-18T01:42:06.553500Z,19,s,0.968,1.377
525,2018-11-18T01:42:06.557500Z,7,p,0.986,0.2753
526,2018-11-18T01:42:06.563500Z,6,p,0.987,0.2509
527,2018-11-18T01:42:06.565000Z,18,s,0.964,0.7565
528,2018-11-18T01:42:06.569000Z,5,p,0.986,0.1796
529,2018-11-18T01:42:06.574000Z,4,p,0.983,0.2348
530,2018-11-18T01:42:06.574500Z,17,s,0.955,0.9754
531,2018-11-18T01:42:06.580000Z,3,p,0.979,0.2016
532,2018-11-18T01:42:06.586000Z,16,s,0.932,1.058
533,2018-11-18T01:42:06.586500Z,2,p,0.977,0.24
534,2018-11-18T01:42:06.591500Z,1,p,0.981,0.1205
535,2018-11-18T01:42:06.595500Z,15,s,0.932,0.9156
536,2018-11-18T01:42:06.606500Z,14,s,0.883,0.5374
537,2018-11-18T01:42:06.616000Z,13,s,0.952,0.5947
538,2018-11-18T01:42:06.625000Z,12,s,0.948,0.4993
539,2018-11-18T01:42:06.636500Z,11,s,0.928,0.366
540,2018-11-18T01:42:06.646000Z,10,s,0.931,0.3115
541,2018-11-18T01:42:06.655000Z,9,s,0.952,0.3312
542,2018-11-18T01:42:06.665000Z,8,s,0.92,0.3479
543,2018-11-18T01:42:06.674500Z,7,s,0.954,0.2753
544,2018-11-18T01:42:06.684500Z,6,s,0.944,0.2509
545,2018-11-18T01:42:06.694500Z,5,s,0.955,0.1796
546,2018-11-18T01:42:06.704500Z,4,s,0.961,0.2348
547,2018-11-18T01:42:06.716000Z,3,s,0.948,0.2016
548,2018-11-18T01:42:06.726000Z,2,s,0.907,0.24
549,2018-11-18T01:42:06.734500Z,1,s,0.91,0.1205
550,2018-11-18T01:42:21.112000Z,19,s,0.862,0.003308
551,2018-11-18T01:42:31.189500Z,2,s,0.302,0.003038
552,2018-11-18T01:42:37.577500Z,24,p,0.987,0.7925
553,2018-11-18T01:42:37.583500Z,23,p,0.985,1.675
554,2018-11-18T01:42:37.589500Z,22,p,0.984,1.185
555,2018-11-18T01:42:37.595000Z,21,p,0.985,0.7516
556,2018-11-18T01:42:37.600500Z,20,p,0.985,0.449
557,2018-11-18T01:42:37.606000Z,19,p,0.985,0.2619
558,2018-11-18T01:42:37.612000Z,18,p,0.986,0.139
559,2018-11-18T01:42:37.618500Z,17,p,0.986,0.1972
560,2018-11-18T01:42:37.624000Z,16,p,0.986,0.209
561,2018-11-18T01:42:37.625500Z,24,s,0.971,0.7925
562,2018-11-18T01:42:37.629500Z,15,p,0.985,0.175
563,2018-11-18T01:42:37.635500Z,23,s,0.971,1.675
564,2018-11-18T01:42:37.636000Z,14,p,0.983,0.0967
565,2018-11-18T01:42:37.643500Z,13,p,0.981,0.1159
566,2018-11-18T01:42:37.644500Z,22,s,0.958,1.185
567,2018-11-18T01:42:37.649000Z,12,p,0.987,0.09782
568,2018-11-18T01:42:37.654000Z,21,s,0.962,0.7516
569,2018-11-18T01:42:37.654000Z,11,p,0.985,0.06789
570,2018-11-18T01:42:37.660000Z,10,p,0.986,0.05938
571,2018-11-18T01:42:37.664500Z,20,s,0.957,0.449
572,2018-11-18T01:42:37.665500Z,9,p,0.984,0.06116
573,2018-11-18T01:42:37.672000Z,8,p,0.986,0.06522
574,2018-11-18T01:42:37.673500Z,19,s,0.969,0.2619
575,2018-11-18T01:42:37.677000Z,7,p,0.987,0.05104
576,2018-11-18T01:42:37.683500Z,6,p,0.987,0.049
577,2018-11-18T01:42:37.685000Z,18,s,0.964,0.139
578,2018-11-18T01:42:37.689000Z,5,p,0.985,0.04139
579,2018-11-18T01:42:37.694500Z,17,s,0.96,0.1972
580,2018-11-18T01:42:37.695000Z,4,p,0.981,0.04624
581,2018-11-18T01:42:37.701500Z,3,p,0.983,0.03771
582,2018-11-18T01:42:37.706500Z,16,s,0.948,0.209
583,2018-11-18T01:42:37.707500Z,2,p,0.985,0.04955
584,2018-11-18T01:42:37.711500Z,1,p,0.977,0.02455
585,2018-11-18T01:42:37.716500Z,15,s,0.929,0.175
586,2018-11-18T01:42:37.726500Z,14,s,0.842,0.0967
587,2018-11-18T01:42:37.736500Z,13,s,0.958,0.1159
588,2018-11-18T01:42:37.745500Z,12,s,0.94,0.09782
589,2018-11-18T01:42:37.757000Z,11,s,0.889,0.06789
590,2018-11-18T01:42:37.766000Z,10,s,0.915,0.05938
591,2018-11-18T01:42:37.775500Z,9,s,0.953,0.06116
592,2018-11-18T01:42:37.785000Z,8,s,0.874,0.06522
593,2018-11-18T01:42:37.794500Z,7,s,0.945,0.05104
594,2018-11-18T01:42:37.804500Z,6,s,0.905,0.049
595,2018-11-18T01:42:37.814500Z,5,s,0.932,0.04139
596,2018-11-18T01:42:37.824500Z,4,s,0.936,0.04624
597,2018-11-18T01:42:37.837000Z,3,s,0.94,0.03771
598,2018-11-18T01:42:37.847000Z,2,s,0.871,0.04955
599,2018-11-18T01:42:37.855000Z,1,s,0.835,0.02455
600,2018-11-18T01:42:40.980000Z,20,p,0.665,0.001954
601,2018-11-18T01:42:41.189500Z,20,s,0.756,0.001954
602,2018-11-18T01:42:44.874500Z,19,s,0.749,0.002955
603,2018-11-18T01:43:27.014000Z,5,p,0.319,0.003871
604,2018-11-18T01:43:27.086000Z,5,s,0.877,0.003871
605,2018-11-18T01:43:47.968500Z,23,s,0.457,0.004392
606,2018-11-18T01:44:14.069500Z,2,s,0.314,0.002034
607,2018-11-18T01:44:14.130500Z,5,s,0.368,0.002278
608,2018-11-18T01:44:14.154500Z,6,s,0.466,0.002821
609,2018-11-18T01:44:14.199500Z,8,s,0.302,0.00178
610,2018-11-18T01:44:14.274500Z,12,s,0.523,0.002123
611,2018-11-18T01:44:14.299500Z,13,s,0.377,0.002131
612,2018-11-18T01:44:14.391500Z,17,s,0.338,0.001891
613,2018-11-18T01:44:32.820000Z,3,s,0.448,0.003836
614,2018-11-18T01:45:18.517500Z,20,p,0.564,0.002344
615,2018-11-18T01:45:18.860000Z,20,s,0.503,0.002344
616,2018-11-18T01:45:30.864500Z,24,s,0.403,0.004697
617,2018-11-18T01:46:04.277500Z,5,s,0.504,0.001644
618,2018-11-18T01:46:23.631500Z,23,p,0.501,0.003017
619,2018-11-18T01:46:23.745000Z,23,s,0.793,0.003017
620,2018-11-18T01:46:29.503500Z,1,s,0.354,0.001838
621,2018-11-18T01:46:45.794000Z,20,p,0.655,0.002032
622,2018-11-18T01:46:46.018000Z,20,s,0.737,0.002032
623,2018-11-18T01:47:23.512500Z,1,s,0.584,0.002693
624,2018-11-18T01:47:37.912500Z,20,s,0.698,0.003235
625,2018-11-18T01:49:13.879500Z,20,s,0.375,0.001554
626,2018-11-18T01:49:42.158000Z,24,p,0.979,0.1234
627,2018-11-18T01:49:42.163500Z,23,p,0.984,0.1678
628,2018-11-18T01:49:42.167500Z,22,p,0.977,0.119
629,2018-11-18T01:49:42.173500Z,21,p,0.977,0.08191
630,2018-11-18T01:49:42.177500Z,20,p,0.986,0.07687
631,2018-11-18T01:49:42.181500Z,19,p,0.982,0.07057
632,2018-11-18T01:49:42.187000Z,18,p,0.983,0.07427
633,2018-11-18T01:49:42.191500Z,17,p,0.983,0.04009
634,2018-11-18T01:49:42.197500Z,16,p,0.974,0.05989
635,2018-11-18T01:49:42.203500Z,15,p,0.982,0.0232
636,2018-11-18T01:49:42.207500Z,14,p,0.98,0.02725
637,2018-11-18T01:49:42.214000Z,13,p,0.98,0.03089
638,2018-11-18T01:49:42.219500Z,12,p,0.976,0.04027
639,2018-11-18T01:49:42.223500Z,11,p,0.972,0.01698
640,2018-11-18T01:49:42.224000Z,24,s,0.961,0.1234
641,2018-11-18T01:49:42.229000Z,10,p,0.975,0.01467
642,2018-11-18T01:49:42.232500Z,23,s,0.962,0.1088
643,2018-11-18T01:49:42.233500Z,9,p,0.978,0.007833
644,2018-11-18T01:49:42.239500Z,8,p,0.972,0.01019
645,2018-11-18T01:49:42.240000Z,22,s,0.942,0.06936
646,2018-11-18T01:49:42.243000Z,7,p,0.967,0.006262
647,2018-11-18T01:49:42.247000Z,21,s,0.956,0.03761
648,2018-11-18T01:49:42.249500Z,6,p,0.971,0.005231
649,2018-11-18T01:49:42.255000Z,5,p,0.97,0.003862
650,2018-11-18T01:49:42.255000Z,20,s,0.937,0.04061
651,2018-11-18T01:49:42.260000Z,4,p,0.97,0.006431
652,2018-11-18T01:49:42.262500Z,19,s,0.963,0.02299
653,2018-11-18T01:49:42.265500Z,3,p,0.975,0.005351
654,2018-11-18T01:49:42.269500Z,2,p,0.923,0.005095
655,2018-11-18T01:49:42.272500Z,18,s,0.923,0.05075
656,2018-11-18T01:49:42.275000Z,1,p,0.957,0.003383
657,2018-11-18T01:49:42.279500Z,17,s,0.93,0.02028
658,2018-11-18T01:49:42.290000Z,16,s,0.921,0.0369
659,2018-11-18T01:49:42.301000Z,15,s,0.869,0.01656
660,2018-11-18T01:49:42.310500Z,14,s,0.927,0.02395
661,2018-11-18T01:49:42.320500Z,13,s,0.941,0.02346
662,2018-11-18T01:49:42.329000Z,12,s,0.924,0.01778
663,2018-11-18T01:49:42.338000Z,11,s,0.903,0.009409
664,2018-11-18T01:49:42.350500Z,10,s,0.825,0.005831
665,2018-11-18T01:49:42.360500Z,9,s,0.716,0.006359
666,2018-11-18T01:49:42.372000Z,8,s,0.691,0.008962
667,2018-11-18T01:49:42.382500Z,7,s,0.807,0.005388
668,2018-11-18T01:49:42.392500Z,6,s,0.679,0.0044
669,2018-11-18T01:49:42.399000Z,5,s,0.697,0.003324
670,2018-11-18T01:49:42.411000Z,4,s,0.781,0.006145
671,2018-11-18T01:49:42.420500Z,3,s,0.718,0.005351
672,2018-11-18T01:49:42.428500Z,2,s,0.838,0.003453
673,2018-11-18T01:49:42.440500Z,1,s,0.848,0.002896
674,2018-11-18T01:50:06.388000Z,11,s,0.833,0.00373
675,2018-11-18T01:50:30.055500Z,5,s,0.324,0.001744
676,2018-11-18T01:50:30.066500Z,6,s,0.419,0.001749
677,2018-11-18T01:50:43.089000Z,20,s,0.695,0.002389
678,2018-11-18T01:51:35.729500Z,24,s,0.729,0.004447
679,2018-11-18T01:51:54.679000Z,20,s,0.786,0.00262
680,2018-11-18T01:52:18.450000Z,5,p,0.649,0.004231
681,2018-11-18T01:52:18.543000Z,5,s,0.828,0.004231
682,2018-11-18T01:52:52.329500Z,24,p,0.924,0.03294
683,2018-11-18T01:52:52.332000Z,23,p,0.954,0.02075
684,2018-11-18T01:52:52.336500Z,22,p,0.97,0.02195
685,2018-11-18T01:52:52.342000Z,21,p,0.965,0.02219
686,2018-11-18T01:52:52.345000Z,20,p,0.919,0.01047
687,2018-11-18T01:52:52.349500Z,19,p,0.926,0.007205
688,2018-11-18T01:52:52.357500Z,18,p,0.546,0.00683
689,2018-11-18T01:52:52.364000Z,17,p,0.763,0.004325
690,2018-11-18T01:52:52.367000Z,16,p,0.917,0.005281
691,2018-11-18T01:52:52.367500Z,15,p,0.673,0.004653
692,2018-11-18T01:52:52.375500Z,14,p,0.77,0.003077
693,2018-11-18T01:52:52.381000Z,13,p,0.969,0.004433
694,2018-11-18T01:52:52.384500Z,12,p,0.603,0.002897
695,2018-11-18T01:52:52.400500Z,8,p,0.501,0.005283
696,2018-11-18T01:52:52.408000Z,7,p,0.841,0.005817
697,2018-11-18T01:52:52.411500Z,24,s,0.96,0.03294
698,2018-11-18T01:52:52.412500Z,6,p,0.411,0.004607
699,2018-11-18T01:52:52.414500Z,9,p,0.312,0.003959
700,2018-11-18T01:52:52.415000Z,5,p,0.744,0.002283
701,2018-11-18T01:52:52.417500Z,23,s,0.965,0.02075
702,2018-11-18T01:52:52.425000Z,4,p,0.949,0.004416
703,2018-11-18T01:52:52.425000Z,22,s,0.93,0.02195
704,2018-11-18T01:52:52.429500Z,3,p,0.909,0.003661
705,2018-11-18T01:52:52.433000Z,21,s,0.965,0.02219
706,2018-11-18T01:52:52.440500Z,20,s,0.945,0.01047
707,2018-11-18T01:52:52.447000Z,19,s,0.945,0.007205
708,2018-11-18T01:52:52.452000Z,2,p,0.412,0.003411
709,2018-11-18T01:52:52.456500Z,18,s,0.915,0.00683
710,2018-11-18T01:52:52.464500Z,17,s,0.923,0.004325
711,2018-11-18T01:52:52.474000Z,16,s,0.887,0.005281
712,2018-11-18T01:52:52.484000Z,15,s,0.744,0.004653
713,2018-11-18T01:52:52.494500Z,14,s,0.846,0.003077
714,2018-11-18T01:52:52.501000Z,13,s,0.899,0.004433
715,2018-11-18T01:52:52.506000Z,12,s,0.873,0.002897
716,2018-11-18T01:52:52.514500Z,11,s,0.709,0.002626
717,2018-11-18T01:52:52.526500Z,10,s,0.644,0.003483
718,2018-11-18T01:52:52.532000Z,9,s,0.805,0.003959
719,2018-11-18T01:52:52.540000Z,8,s,0.809,0.005283
720,2018-11-18T01:52:52.548500Z,7,s,0.751,0.005817
721,2018-11-18T01:52:52.557000Z,6,s,0.838,0.004607
722,2018-11-18T01:52:52.565000Z,5,s,0.789,0.002283
723,2018-11-18T01:52:52.573000Z,4,s,0.92,0.004416
724,2018-11-18T01:52:52.582000Z,3,s,0.86,0.003661
725,2018-11-18T01:52:52.590000Z,2,s,0.876,0.003411
726,2018-11-18T01:52:52.597500Z,1,s,0.722,0.00221
727,2018-11-18T01:53:30.537500Z,20,p,0.488,0.001914
728,2018-11-18T01:54:37.832500Z,19,s,0.44,0.003658
729,2018-11-18T01:55:54.912500Z,19,s,0.725,0.002854
730,2018-11-18T01:56:09.884500Z,19,p,0.375,0.003157
731,2018-11-18T01:56:09.980000Z,19,s,0.483,0.003157
732,2018-11-18T01:56:11.555500Z,22,p,0.317,0.003823
733,2018-11-18T01:56:11.650500Z,24,p,0.352,0.005629
734,2018-11-18T01:56:11.652500Z,24,s,0.446,0.005629
735,2018-11-18T01:56:11.657000Z,23,p,0.678,0.00585
736,2018-11-18T01:56:11.664000Z,22,s,0.758,0.003823
737,2018-11-18T01:56:11.725500Z,23,s,0.333,0.002178
738,2018-11-18T01:56:11.741500Z,24,s,0.307,0.002252
739,2018-11-18T01:56:26.504000Z,1,p,0.585,0.003382
740,2018-11-18T01:56:26.621500Z,1,s,0.348,0.001389
741,2018-11-18T01:56:40.778000Z,5,s,0.635,0.002013
742,2018-11-18T01:57:00.585500Z,17,s,0.591,0.009646
743,2018-11-18T01:57:21.993000Z,20,s,0.837,0.002988
744,2018-11-18T01:57:53.957500Z,11,s,0.59,0.00375
745,2018-11-18T01:58:20.805500Z,11,s,0.898,0.005689
746,2018-11-18T01:58:30.992500Z,8,s,0.337,0.003142
747,2018-11-18T01:58:58.952500Z,22,s,0.537,0.004622
748,2018-11-18T01:59:11.184500Z,20,s,0.641,0.001829
749,2018-11-18T01:59:16.173500Z,2,s,0.546,0.002764
750,2018-11-18T01:59:21.273500Z,17,s,0.427,0.002617
751,2018-11-18T01:59:58.981500Z,13,s,0.574,0.002289
752,2018-11-18T02:00:04.831500Z,5,p,0.464,0.003417
753,2018-11-18T02:00:04.958000Z,5,s,0.848,0.003417
754,2018-11-18T02:00:33.492000Z,17,s,0.804,0.006567
755,2018-11-18T02:01:17.463500Z,20,p,0.484,0.002338
756,2018-11-18T02:01:17.586500Z,20,s,0.677,0.002338
757,2018-11-18T02:01:30.317500Z,17,s,0.518,0.002393
758,2018-11-18T02:02:02.365500Z,20,p,0.343,0.00159
759,2018-11-18T02:02:18.736500Z,3,s,0.655,0.002146
760,2018-11-18T02:02:19.688500Z,8,s,0.3,0.001737
761,2018-11-18T02:02:20.051500Z,5,s,0.509,0.002266
762,2018-11-18T02:02:21.408000Z,20,s,0.841,0.002803
763,2018-11-18T02:02:27.864000Z,17,p,0.415,0.002373
764,2018-11-18T02:03:32.710500Z,6,s,0.408,0.002031
765,2018-11-18T02:03:44.405500Z,20,s,0.652,0.002177
766,2018-11-18T02:03:48.580500Z,19,p,0.305,0.005764
767,2018-11-18T02:03:48.697500Z,19,s,0.753,0.005764
768,2018-11-18T02:03:53.644500Z,22,p,0.394,0.002014
769,2018-11-18T02:03:56.485000Z,19,s,0.816,0.005129
770,2018-11-18T02:03:58.740500Z,12,s,0.333,0.002175
771,2018-11-18T02:04:00.668500Z,23,s,0.689,0.003513
772,2018-11-18T02:04:35.341500Z,23,s,0.851,0.003604
773,2018-11-18T02:04:50.193500Z,4,s,0.694,0.005892
774,2018-11-18T02:05:13.649500Z,3,s,0.49,0.002325
775,2018-11-18T02:05:49.072500Z,5,s,0.672,0.003249
776,2018-11-18T02:05:58.749500Z,19,s,0.569,0.001772
777,2018-11-18T02:06:17.528000Z,11,s,0.834,0.003841
778,2018-11-18T02:07:30.877500Z,5,s,0.331,0.001724
779,2018-11-18T02:07:30.906500Z,6,s,0.304,0.001901
780,2018-11-18T02:07:35.755000Z,20,s,0.843,0.002789
781,2018-11-18T02:07:44.935500Z,5,p,0.847,0.002461
782,2018-11-18T02:07:45.050500Z,5,s,0.816,0.002461
783,2018-11-18T02:07:45.836000Z,13,s,0.634,0.002344
784,2018-11-18T02:08:20.094000Z,3,s,0.31,0.002588
785,2018-11-18T02:08:46.225500Z,22,s,0.469,0.003926
786,2018-11-18T02:09:17.112500Z,6,s,0.355,0.001746
787,2018-11-18T02:09:26.841500Z,1,s,0.465,0.00191
788,2018-11-18T02:09:56.624500Z,22,s,0.446,0.002703
789,2018-11-18T02:10:21.320000Z,22,s,0.759,0.005446
790,2018-11-18T02:11:16.581500Z,20,p,0.649,0.002057
791,2018-11-18T02:11:16.720500Z,20,s,0.721,0.002057
792,2018-11-18T02:11:55.272500Z,19,s,0.338,0.00263
793,2018-11-18T02:11:58.709500Z,5,p,0.321,0.003852
794,2018-11-18T02:11:58.820000Z,5,s,0.785,0.003852
795,2018-11-18T02:12:04.046500Z,19,p,0.347,0.002905
796,2018-11-18T02:12:04.153000Z,19,s,0.843,0.002905
797,2018-11-18T02:12:13.147500Z,19,p,0.957,0.00268
798,2018-11-18T02:12:13.244500Z,19,s,0.701,0.00268
799,2018-11-18T02:13:05.968500Z,17,s,0.505,0.001694
800,2018-11-18T02:13:07.701500Z,5,s,0.424,0.002584
801,2018-11-18T02:13:20.917500Z,20,p,0.527,0.003311
802,2018-11-18T02:13:21.147000Z,20,s,0.727,0.003311
803,2018-11-18T02:13:26.999500Z,11,p,0.36,0.003831
804,2018-11-18T02:13:27.124500Z,11,s,0.78,0.003831
805,2018-11-18T02:14:35.509500Z,19,s,0.419,0.00225
806,2018-11-18T02:14:40.748000Z,19,s,0.425,0.007778
807,2018-11-18T02:14:50.983500Z,19,s,0.396,0.002564
808,2018-11-18T02:14:57.445500Z,19,s,0.301,0.003883
809,2018-11-18T02:15:19.617500Z,19,s,0.444,0.003337
810,2018-11-18T02:15:32.945500Z,4,s,0.581,0.005086
811,2018-11-18T02:16:18.709500Z,24,s,0.768,0.006539
812,2018-11-18T02:16:26.668500Z,19,p,0.49,0.001621
813,2018-11-18T02:16:26.841500Z,19,s,0.523,0.001621
814,2018-11-18T02:17:37.224000Z,20,s,0.786,0.002479
815,2018-11-18T02:17:49.789500Z,5,p,0.515,0.002713
816,2018-11-18T02:17:49.909500Z,5,s,0.726,0.002713
817,2018-11-18T02:17:58.533500Z,22,s,0.338,0.001886
818,2018-11-18T02:18:28.664500Z,20,p,0.335,0.002101
819,2018-11-18T02:18:28.836000Z,20,s,0.471,0.002101
820,2018-11-18T02:18:42.085500Z,5,s,0.4,0.001885
821,2018-11-18T02:19:19.235000Z,5,s,0.791,0.003637
822,2018-11-18T02:19:29.690500Z,20,s,0.515,0.001648
823,2018-11-18T02:21:20.480500Z,11,s,0.761,0.003339
824,2018-11-18T02:21:21.939500Z,22,s,0.355,0.005092
825,2018-11-18T02:21:40.186000Z,6,p,0.446,0.001624
826,2018-11-18T02:21:40.807500Z,5,s,0.311,0.002221
827,2018-11-18T02:22:02.973500Z,22,s,0.803,0.003911
828,2018-11-18T02:22:23.915500Z,19,s,0.372,0.001739
829,2018-11-18T02:22:25.195500Z,24,s,0.37,0.004841
830,2018-11-18T02:22:59.535500Z,12,p,0.913,0.03194
831,2018-11-18T02:22:59.538000Z,11,p,0.806,0.01333
832,2018-11-18T02:22:59.544500Z,13,s,0.378,0.003969
833,2018-11-18T02:23:00.032000Z,19,s,0.494,0.008336
834,2018-11-18T02:23:05.852000Z,1,p,0.308,0.001985
835,2018-11-18T02:23:13.176000Z,20,p,0.324,0.002942
836,2018-11-18T02:23:13.325000Z,20,s,0.861,0.002942
837,2018-11-18T02:23:37.563000Z,12,s,0.458,0.009785
838,2018-11-18T02:23:37.565500Z,12,p,0.408,0.009785
839,2018-11-18T02:23:51.980000Z,3,s,0.369,0.003627
840,2018-11-18T02:24:00.358500Z,5,s,0.463,0.001922
841,2018-11-18T02:24:18.174000Z,19,s,0.323,0.001781
842,2018-11-18T02:24:45.855500Z,19,s,0.664,0.002055
843,2018-11-18T02:25:00.890000Z,1,s,0.743,0.003691
844,2018-11-18T02:25:04.351000Z,5,s,0.776,0.002654
845,2018-11-18T02:27:42.805500Z,19,p,0.383,0.001869
846,2018-11-18T02:27:46.042000Z,20,s,0.686,0.002002
847,2018-11-18T02:28:03.212500Z,20,s,0.847,0.00285
848,2018-11-18T02:28:04.337500Z,10,p,0.536,0.03512
849,2018-11-18T02:28:04.340000Z,10,s,0.411,0.03512
850,2018-11-18T02:28:04.351000Z,11,p,0.818,0.004258
851,2018-11-18T02:28:15.585500Z,19,s,0.571,0.01878
852,2018-11-18T02:28:18.351500Z,19,s,0.426,0.001746
853,2018-11-18T02:28:31.301500Z,19,s,0.647,0.002372
854,2018-11-18T02:28:32.093500Z,19,s,0.358,0.001729
855,2018-11-18T02:28:32.575500Z,19,p,0.522,0.002113
856,2018-11-18T02:28:36.405500Z,19,s,0.603,0.001716
857,2018-11-18T02:28:42.434500Z,19,s,0.3,0.00142
858,2018-11-18T02:29:13.065500Z,24,p,0.973,0.007359
859,2018-11-18T02:29:13.071500Z,23,p,0.963,0.0135
860,2018-11-18T02:29:13.075500Z,22,p,0.942,0.01073
861,2018-11-18T02:29:13.081000Z,21,p,0.611,0.007191
862,2018-11-18T02:29:13.084000Z,20,p,0.95,0.006124
863,2018-11-18T02:29:13.090000Z,19,p,0.555,0.006475
864,2018-11-18T02:29:13.098500Z,17,s,0.478,0.002888
865,2018-11-18T02:29:13.105500Z,16,p,0.858,0.004894
866,2018-11-18T02:29:13.131000Z,24,s,0.822,0.004813
867,2018-11-18T02:29:13.140500Z,23,s,0.958,0.0043
868,2018-11-18T02:29:13.147500Z,22,s,0.81,0.002685
869,2018-11-18T02:29:13.164500Z,20,s,0.556,0.00159
870,2018-11-18T02:29:13.203000Z,16,s,0.571,0.001705
871,2018-11-18T02:29:17.869500Z,19,s,0.597,0.004392
872,2018-11-18T02:29:18.968500Z,5,s,0.603,0.00225
873,2018-11-18T02:29:21.253500Z,19,p,0.518,0.006346
874,2018-11-18T02:29:30.180000Z,11,s,0.482,0.003854
875,2018-11-18T02:29:32.964500Z,20,p,0.419,0.001694
876,2018-11-18T02:29:33.108000Z,20,s,0.448,0.001694
877,2018-11-18T02:29:48.426000Z,19,s,0.644,0.007713
878,2018-11-18T02:29:50.031500Z,19,s,0.458,0.001589
879,2018-11-18T02:29:51.390000Z,19,s,0.585,0.00213
880,2018-11-18T02:29:54.046000Z,19,s,0.589,0.00282
881,2018-11-18T02:29:57.018500Z,19,s,0.306,0.004733
882,2018-11-18T02:30:04.104500Z,19,s,0.373,0.004885
883,2018-11-18T02:30:04.365500Z,1,s,0.464,0.001568
884,2018-11-18T02:30:23.685500Z,19,s,0.368,0.002147
885,2018-11-18T02:30:24.499500Z,24,p,0.859,0.00953
886,2018-11-18T02:30:24.505500Z,23,p,0.943,0.009831
887,2018-11-18T02:30:24.511000Z,22,p,0.973,0.007165
888,2018-11-18T02:30:24.516000Z,21,p,0.872,0.005796
889,2018-11-18T02:30:24.519500Z,20,p,0.848,0.004141
890,2018-11-18T02:30:24.525500Z,19,p,0.928,0.003871
891,2018-11-18T02:30:24.530000Z,18,p,0.763,0.003451
892,2018-11-18T02:30:24.542000Z,16,p,0.769,0.002063
893,2018-11-18T02:30:24.552000Z,14,p,0.713,0.001898
894,2018-11-18T02:30:24.558500Z,13,p,0.942,0.003014
895,2018-11-18T02:30:24.563000Z,12,p,0.672,0.002285
896,2018-11-18T02:30:24.573500Z,24,s,0.96,0.00953
897,2018-11-18T02:30:24.582000Z,23,s,0.958,0.009831
898,2018-11-18T02:30:24.589500Z,22,s,0.96,0.007165
899,2018-11-18T02:30:24.597500Z,21,s,0.855,0.005796
900,2018-11-18T02:30:24.606000Z,20,s,0.923,0.004141
901,2018-11-18T02:30:24.613500Z,19,s,0.921,0.002403
902,2018-11-18T02:30:24.623000Z,18,s,0.839,0.003451
903,2018-11-18T02:30:24.639500Z,16,s,0.689,0.001899
904,2018-11-18T02:30:24.651500Z,15,s,0.587,0.001673
905,2018-11-18T02:30:24.660000Z,14,s,0.557,0.001665
906,2018-11-18T02:30:24.670000Z,13,s,0.841,0.003014
907,2018-11-18T02:30:24.680500Z,12,s,0.73,0.001893
908,2018-11-18T02:30:24.691500Z,11,s,0.381,0.001543
909,2018-11-18T02:30:43.961500Z,19,p,0.319,0.009227
910,2018-11-18T02:30:44.073000Z,19,s,0.8,0.009227
911,2018-11-18T02:30:52.997500Z,20,p,0.663,0.001652
912,2018-11-18T02:30:53.189500Z,20,s,0.356,0.001652
913,2018-11-18T02:31:35.775500Z,19,p,0.387,0.003231
914,2018-11-18T02:31:35.882500Z,19,s,0.859,0.003231
915,2018-11-18T02:32:05.829500Z,5,s,0.696,0.002699
916,2018-11-18T02:32:06.890000Z,19,p,0.494,0.001981
917,2018-11-18T02:32:07.045500Z,19,s,0.377,0.001981
918,2018-11-18T02:32:31.620000Z,15,s,0.364,0.003236
919,2018-11-18T02:32:40.505000Z,19,p,0.332,0.002203
920,2018-11-18T02:32:43.686500Z,19,s,0.402,0.001958
921,2018-11-18T02:32:47.309500Z,19,s,0.571,0.003926
922,2018-11-18T02:32:48.800500Z,19,s,0.655,0.003135
923,2018-11-18T02:32:54.460500Z,19,p,0.712,0.001822
924,2018-11-18T02:32:54.573500Z,19,s,0.553,0.001822
925,2018-11-18T02:33:13.700000Z,20,p,0.31,0.00308
926,2018-11-18T02:33:13.980500Z,20,s,0.656,0.00308
927,2018-11-18T02:33:16.950000Z,19,s,0.669,0.001742
928,2018-11-18T02:33:32.824500Z,19,s,0.55,0.006321
929,2018-11-18T02:33:56.717500Z,20,s,0.496,0.001689
930,2018-11-18T02:34:30.919500Z,5,s,0.362,0.002059
931,2018-11-18T02:34:30.930500Z,6,s,0.34,0.001786
932,2018-11-18T02:34:52.402000Z,24,s,0.467,0.004918
933,2018-11-18T02:34:57.509500Z,5,s,0.565,0.002261
934,2018-11-18T02:36:53.372000Z,20,p,0.321,0.001883
935,2018-11-18T02:37:46.144500Z,17,s,0.713,0.003668
936,2018-11-18T02:37:54.848000Z,11,p,0.389,0.004362
937,2018-11-18T02:37:54.963500Z,11,s,0.715,0.004362
938,2018-11-18T02:38:07.935500Z,10,s,0.526,0.001314
939,2018-11-18T02:38:20.563500Z,23,p,0.684,0.005692
940,2018-11-18T02:38:20.574000Z,24,p,0.698,0.00504
941,2018-11-18T02:38:20.620500Z,24,s,0.906,0.00504
942,2018-11-18T02:38:20.629000Z,23,s,0.915,0.005692
943,2018-11-18T02:38:20.637000Z,22,s,0.832,0.002013
944,2018-11-18T02:38:29.127500Z,24,p,0.958,0.004592
945,2018-11-18T02:38:29.133500Z,23,p,0.976,0.006842
946,2018-11-18T02:38:29.136500Z,22,p,0.481,0.004912
947,2018-11-18T02:38:29.185000Z,24,s,0.938,0.004592
948,2018-11-18T02:38:29.193500Z,23,s,0.941,0.005297
949,2018-11-18T02:38:29.222500Z,20,s,0.378,0.001765
950,2018-11-18T02:38:29.230000Z,19,s,0.316,0.001726
951,2018-11-18T02:38:33.940000Z,23,s,0.654,0.003555
952,2018-11-18T02:38:57.535500Z,20,s,0.425,0.003731
953,2018-11-18T02:39:06.396000Z,19,s,0.454,0.002331
954,2018-11-18T02:39:40.672000Z,5,p,0.898,0.003295
955,2018-11-18T02:39:40.768500Z,5,s,0.861,0.003295
956,2018-11-18T02:39:52.587500Z,19,p,0.824,0.001983
957,2018-11-18T02:39:52.690000Z,19,s,0.836,0.001983
958,2018-11-18T02:40:08.200000Z,3,p,0.314,0.003049
959,2018-11-18T02:41:00.173500Z,18,s,0.36,0.002233
960,2018-11-18T02:41:05.221500Z,24,s,0.464,0.004305
961,2018-11-18T02:41:12.214500Z,20,s,0.656,0.001782
962,2018-11-18T02:42:36.992000Z,20,p,0.611,0.002246
963,2018-11-18T02:42:37.168000Z,20,s,0.573,0.002246
964,2018-11-18T02:42:57.926500Z,8,s,0.727,0.003294
965,2018-11-18T02:43:01.661500Z,19,s,0.333,0.003177
966,2018-11-18T02:43:17.893500Z,20,p,0.334,0.0033
967,2018-11-18T02:43:18.067000Z,20,s,0.825,0.0033
968,2018-11-18T02:43:19.838000Z,23,s,0.394,0.002547
969,2018-11-18T02:44:33.478500Z,5,p,0.474,0.006857
970,2018-11-18T02:44:33.509000Z,5,s,0.843,0.006857
971,2018-11-18T02:44:44.948500Z,23,s,0.714,0.02359
972,2018-11-18T02:44:58.952000Z,4,p,0.772,0.006179
973,2018-11-18T02:44:59.117500Z,4,s,0.464,0.001597
974,2018-11-18T02:45:46.213500Z,5,s,0.734,0.002868
975,2018-11-18T02:45:51.060000Z,20,p,0.964,0.007162
976,2018-11-18T02:45:51.088500Z,20,s,0.87,0.007162
977,2018-11-18T02:45:53.740500Z,20,s,0.472,0.001563
978,2018-11-18T02:45:58.144500Z,22,s,0.85,0.004957
979,2018-11-18T02:46:06.339500Z,1,p,0.331,0.002693
980,2018-11-18T02:46:06.453500Z,1,s,0.79,0.002693
981,2018-11-18T02:46:32.505500Z,11,s,0.631,0.00423
982,2018-11-18T02:46:53.052000Z,5,s,0.632,0.00283
983,2018-11-18T02:47:17.411000Z,24,s,0.35,0.005209
984,2018-11-18T02:48:08.348500Z,20,p,0.448,0.001827
985,2018-11-18T02:48:08.592500Z,20,s,0.336,0.001827
986,2018-11-18T02:48:47.789500Z,20,p,0.42,0.002566
987,2018-11-18T02:48:47.966000Z,20,s,0.765,0.002566
988,2018-11-18T02:49:20.616500Z,3,s,0.319,0.00363
989,2018-11-18T02:49:24.006500Z,20,p,0.413,0.001774
990,2018-11-18T02:49:24.226500Z,20,s,0.637,0.001774
991,2018-11-18T02:49:25.276000Z,19,s,0.849,0.003012
992,2018-11-18T02:50:11.425500Z,19,s,0.635,0.004104
993,2018-11-18T02:50:15.301500Z,18,s,0.458,0.003239
994,2018-11-18T02:50:32.104500Z,5,s,0.821,0.003291
995,2018-11-18T02:51:00.269500Z,23,s,0.355,0.00251
996,2018-11-18T02:52:01.276500Z,1,p,0.498,0.001697
997,2018-11-18T02:52:28.378000Z,20,s,0.734,0.002465
998,2018-11-18T02:52:28.837500Z,5,s,0.437,0.002171
999,2018-11-18T02:52:50.029500Z,20,p,0.686,0.002126
1000,2018-11-18T02:52:50.152500Z,20,s,0.559,0.002126
1001,2018-11-18T02:53:10.493500Z,13,p,0.381,0.001759
1002,2018-11-18T02:53:38.903000Z,20,s,0.778,0.002548
1003,2018-11-18T02:53:54.380500Z,19,p,0.702,0.002516
1004,2018-11-18T02:55:42.037500Z,11,s,0.756,0.004781
1005,2018-11-18T02:55:44.937500Z,5,s,0.685,0.002584
1006,2018-11-18T02:57:12.478500Z,23,s,0.615,0.00254
1007,2018-11-18T02:57:54.115500Z,24,p,0.964,0.0117
1008,2018-11-18T02:57:54.116500Z,20,p,0.494,0.003822
1009,2018-11-18T02:57:54.118000Z,23,p,0.931,0.009396
1010,2018-11-18T02:57:54.126000Z,22,p,0.885,0.006453
1011,2018-11-18T02:57:54.130000Z,21,p,0.581,0.003533
1012,2018-11-18T02:57:54.161500Z,17,p,0.826,0.002821
1013,2018-11-18T02:57:54.168500Z,14,p,0.722,0.003081
1014,2018-11-18T02:57:54.170000Z,16,p,0.529,0.002901
1015,2018-11-18T02:57:54.177500Z,13,p,0.943,0.003504
1016,2018-11-18T02:57:54.180500Z,24,s,0.909,0.0117
1017,2018-11-18T02:57:54.184000Z,12,p,0.621,0.001682
1018,2018-11-18T02:57:54.188500Z,23,s,0.941,0.009396
1019,2018-11-18T02:57:54.197000Z,22,s,0.947,0.006453
1020,2018-11-18T02:57:54.198500Z,10,p,0.655,0.001641
1021,2018-11-18T02:57:54.202000Z,8,p,0.553,0.002374
1022,2018-11-18T02:57:54.204500Z,21,s,0.875,0.003533
1023,2018-11-18T02:57:54.218500Z,20,s,0.786,0.003822
1024,2018-11-18T02:57:54.226000Z,19,s,0.611,0.002549
1025,2018-11-18T02:57:54.235500Z,4,p,0.709,0.001575
1026,2018-11-18T02:57:54.249000Z,17,s,0.894,0.002821
1027,2018-11-18T02:57:54.256500Z,16,s,0.825,0.002901
1028,2018-11-18T02:57:54.266000Z,15,s,0.659,0.002761
1029,2018-11-18T02:57:54.275500Z,14,s,0.752,0.003081
1030,2018-11-18T02:57:54.286500Z,13,s,0.882,0.003504
1031,2018-11-18T02:57:54.293500Z,12,s,0.459,0.001682
1032,2018-11-18T02:57:54.316000Z,10,s,0.719,0.001641
1033,2018-11-18T02:57:54.322500Z,9,s,0.661,0.00151
1034,2018-11-18T02:57:54.326500Z,8,s,0.658,0.002374
1035,2018-11-18T02:57:54.337500Z,7,s,0.361,0.001502
1036,2018-11-18T02:57:54.359500Z,5,s,0.344,0.001612
1037,2018-11-18T02:57:54.371000Z,4,s,0.777,0.001575
1038,2018-11-18T02:57:57.251500Z,20,s,0.358,0.002224
1039,2018-11-18T02:58:02.704000Z,5,s,0.684,0.002509
1040,2018-11-18T02:58:54.432000Z,20,p,0.302,0.003347
1041,2018-11-18T02:58:54.545000Z,20,s,0.812,0.003347
1042,2018-11-18T02:58:54.586000Z,10,s,0.504,0.008585
1043,2018-11-18T02:59:20.959500Z,22,s,0.647,0.004643
1044,2018-11-18T02:59:43.566000Z,23,s,0.547,0.002719
1045,2018-11-18T02:59:50.726000Z,20,s,0.485,0.001891
1046,2018-11-18T03:01:03.963500Z,20,s,0.444,0.002001
1047,2018-11-18T03:01:44.004000Z,18,s,0.335,0.006253
1048,2018-11-18T03:02:02.171500Z,24,p,0.944,0.00905
1049,2018-11-18T03:02:02.177000Z,23,p,0.962,0.007198
1050,2018-11-18T03:02:02.182000Z,22,p,0.87,0.005401
1051,2018-11-18T03:02:02.188000Z,21,p,0.924,0.004881
1052,2018-11-18T03:02:02.191500Z,20,p,0.858,0.003646
1053,2018-11-18T03:02:02.200500Z,19,p,0.57,0.003769
1054,2018-11-18T03:02:02.209500Z,17,p,0.813,0.004529
1055,2018-11-18T03:02:02.212000Z,16,p,0.608,0.002474
1056,2018-11-18T03:02:02.232500Z,13,p,0.622,0.001829
1057,2018-11-18T03:02:02.251000Z,24,s,0.942,0.00905
1058,2018-11-18T03:02:02.259000Z,23,s,0.932,0.007198
1059,2018-11-18T03:02:02.267000Z,22,s,0.922,0.005401
1060,2018-11-18T03:02:02.276000Z,21,s,0.905,0.004881
1061,2018-11-18T03:02:02.285500Z,20,s,0.911,0.003646
1062,2018-11-18T03:02:02.292000Z,19,s,0.753,0.003769
1063,2018-11-18T03:02:02.313000Z,17,s,0.9,0.004529
1064,2018-11-18T03:02:02.324000Z,16,s,0.643,0.002474
1065,2018-11-18T03:02:02.341500Z,14,s,0.329,0.001958
1066,2018-11-18T03:02:02.349500Z,13,s,0.386,0.001662
1067,2018-11-18T03:02:28.319500Z,20,p,0.68,0.001843
1068,2018-11-18T03:02:28.490500Z,20,s,0.589,0.001843
1069,2018-11-18T03:03:30.706500Z,11,s,0.729,0.004019
1070,2018-11-18T03:03:31.516000Z,5,s,0.384,0.001746
1071,2018-11-18T03:04:11.405500Z,5,s,0.502,0.001705
1072,2018-11-18T03:04:33.088500Z,20,s,0.774,0.003622
1073,2018-11-18T03:04:47.877500Z,19,s,0.529,0.002237
1074,2018-11-18T03:04:50.253500Z,19,s,0.372,0.002026
1075,2018-11-18T03:04:50.709500Z,19,s,0.496,0.001866
1076,2018-11-18T03:04:54.225500Z,19,p,0.628,0.00367
1077,2018-11-18T03:04:54.373500Z,19,s,0.724,0.00367
1078,2018-11-18T03:04:57.630500Z,20,s,0.66,0.001933
1079,2018-11-18T03:05:08.879500Z,17,s,0.359,0.001825
1080,2018-11-18T03:05:09.516000Z,19,s,0.644,0.002466
1081,2018-11-18T03:05:17.872500Z,19,s,0.726,0.003247
1082,2018-11-18T03:05:18.717500Z,19,p,0.624,0.003297
1083,2018-11-18T03:05:18.949500Z,19,s,0.682,0.003297
1084,2018-11-18T03:05:37.132000Z,19,s,0.641,0.003631
1085,2018-11-18T03:06:06.657500Z,19,p,0.528,0.01056
1086,2018-11-18T03:06:06.661000Z,19,s,0.36,0.01056
1087,2018-11-18T03:06:12.014500Z,20,s,0.395,0.001585
1088,2018-11-18T03:06:19.067500Z,1,s,0.544,0.003065
1089,2018-11-18T03:06:48.949500Z,19,s,0.412,0.006864
1090,2018-11-18T03:07:19.804000Z,22,p,0.304,0.001885
1091,2018-11-18T03:07:31.460000Z,5,s,0.715,0.003303
1092,2018-11-18T03:07:33.805500Z,22,s,0.387,0.002343
1093,2018-11-18T03:08:48.489500Z,17,s,0.321,0.001978
1094,2018-11-18T03:08:48.791000Z,20,s,0.6,0.001827
1095,2018-11-18T03:08:50.687000Z,20,s,0.739,0.002196
1096,2018-11-18T03:09:21.919500Z,6,s,0.324,0.001569
1097,2018-11-18T03:09:25.731500Z,6,s,0.317,0.001675
1098,2018-11-18T03:09:26.297000Z,19,s,0.813,0.003533
1099,2018-11-18T03:09:27.330500Z,5,s,0.509,0.001954
1100,2018-11-18T03:09:27.610500Z,18,s,0.388,0.002797
1101,2018-11-18T03:09:39.576500Z,5,s,0.371,0.002062
1102,2018-11-18T03:09:39.594500Z,6,s,0.374,0.00225
1103,2018-11-18T03:09:52.894500Z,19,p,0.644,0.005292
1104,2018-11-18T03:09:53.000500Z,19,s,0.815,0.005292
1105,2018-11-18T03:10:21.010500Z,20,s,0.695,0.001712
1106,2018-11-18T03:10:51.944000Z,19,s,0.492,0.003609
1107,2018-11-18T03:10:59.061500Z,23,s,0.423,0.002887
1108,2018-11-18T03:11:22.956000Z,6,s,0.378,0.001745
1109,2018-11-18T03:11:22.957500Z,20,p,0.302,0.001865
1110,2018-11-18T03:11:23.182000Z,20,s,0.624,0.001865
1111,2018-11-18T03:11:33.721000Z,11,s,0.848,0.004538
1112,2018-11-18T03:11:41.119500Z,2,p,0.431,0.00226
1113,2018-11-18T03:11:41.180500Z,5,p,0.59,0.002338
1114,2018-11-18T03:11:41.198000Z,6,p,0.454,0.002735
1115,2018-11-18T03:11:41.238500Z,8,p,0.509,0.001714
1116,2018-11-18T03:11:41.326000Z,11,p,0.513,0.00173
1117,2018-11-18T03:11:41.350500Z,13,p,0.415,0.001914
1118,2018-11-18T03:11:41.682500Z,5,s,0.536,0.001962
1119,2018-11-18T03:11:44.149500Z,24,p,0.986,0.04108
1120,2018-11-18T03:11:44.153500Z,23,p,0.983,0.07719
1121,2018-11-18T03:11:44.159000Z,22,p,0.973,0.04746
1122,2018-11-18T03:11:44.165500Z,21,p,0.982,0.03217
1123,2018-11-18T03:11:44.171500Z,20,p,0.986,0.02079
1124,2018-11-18T03:11:44.177000Z,19,p,0.98,0.01167
1125,2018-11-18T03:11:44.183500Z,18,p,0.976,0.01074
1126,2018-11-18T03:11:44.189500Z,17,p,0.985,0.01596
1127,2018-11-18T03:11:44.195000Z,16,p,0.978,0.01371
1128,2018-11-18T03:11:44.199500Z,15,p,0.973,0.00806
1129,2018-11-18T03:11:44.205000Z,24,s,0.965,0.03685
1130,2018-11-18T03:11:44.207000Z,14,p,0.973,0.007239
1131,2018-11-18T03:11:44.213500Z,13,p,0.979,0.01043
1132,2018-11-18T03:11:44.214000Z,23,s,0.951,0.04997
1133,2018-11-18T03:11:44.219500Z,12,p,0.981,0.009395
1134,2018-11-18T03:11:44.223000Z,22,s,0.932,0.04746
1135,2018-11-18T03:11:44.224000Z,11,p,0.967,0.006678
1136,2018-11-18T03:11:44.230000Z,10,p,0.976,0.005851
1137,2018-11-18T03:11:44.232500Z,21,s,0.936,0.02517
1138,2018-11-18T03:11:44.235500Z,9,p,0.966,0.004105
1139,2018-11-18T03:11:44.242000Z,8,p,0.977,0.004398
1140,2018-11-18T03:11:44.242500Z,20,s,0.913,0.01771
1141,2018-11-18T03:11:44.247500Z,7,p,0.975,0.004546
1142,2018-11-18T03:11:44.251000Z,19,s,0.946,0.0103
1143,2018-11-18T03:11:44.253000Z,6,p,0.973,0.003426
1144,2018-11-18T03:11:44.259500Z,5,p,0.969,0.005368
1145,2018-11-18T03:11:44.263000Z,18,s,0.938,0.006646
1146,2018-11-18T03:11:44.265000Z,4,p,0.962,0.004094
1147,2018-11-18T03:11:44.271500Z,3,p,0.976,0.003862
1148,2018-11-18T03:11:44.272500Z,17,s,0.89,0.01596
1149,2018-11-18T03:11:44.278000Z,2,p,0.978,0.003674
1150,2018-11-18T03:11:44.283000Z,16,s,0.911,0.01371
1151,2018-11-18T03:11:44.283500Z,1,p,0.945,0.002745
1152,2018-11-18T03:11:44.291000Z,15,s,0.834,0.00806
1153,2018-11-18T03:11:44.301000Z,14,s,0.76,0.007239
1154,2018-11-18T03:11:44.313000Z,13,s,0.835,0.005129
1155,2018-11-18T03:11:44.321000Z,12,s,0.849,0.005152
1156,2018-11-18T03:11:44.330500Z,11,s,0.622,0.003434
1157,2018-11-18T03:11:44.347000Z,10,s,0.822,0.00377
1158,2018-11-18T03:11:44.350500Z,9,s,0.864,0.004105
1159,2018-11-18T03:11:44.364500Z,8,s,0.877,0.004398
1160,2018-11-18T03:11:44.371000Z,7,s,0.854,0.003277
1161,2018-11-18T03:11:44.378500Z,6,s,0.75,0.003077
1162,2018-11-18T03:11:44.390500Z,5,s,0.846,0.002966
1163,2018-11-18T03:11:44.401500Z,4,s,0.941,0.003686
1164,2018-11-18T03:11:44.410500Z,3,s,0.883,0.002487
1165,2018-11-18T03:11:44.420500Z,2,s,0.827,0.002946
1166,2018-11-18T03:11:44.429000Z,1,s,0.863,0.002745
1167,2018-11-18T03:11:47.786000Z,2,p,0.472,0.001724
1168,2018-11-18T03:11:47.822500Z,5,p,0.33,0.001849
1169,2018-11-18T03:11:48.258500Z,2,s,0.353,0.001662
1170,2018-11-18T03:11:48.322500Z,5,s,0.327,0.001866
1171,2018-11-18T03:11:48.350500Z,6,s,0.408,0.001942
1172,2018-11-18T03:11:49.511500Z,6,s,0.325,0.001683
1173,2018-11-18T03:11:53.242500Z,5,s,0.301,0.002178
1174,2018-11-18T03:11:53.383500Z,13,s,0.329,0.002675
1175,2018-11-18T03:11:56.871500Z,5,s,0.36,0.001855
1176,2018-11-18T03:11:56.895000Z,6,s,0.442,0.001808
1177,2018-11-18T03:12:24.636500Z,24,s,0.554,0.003808
1178,2018-11-18T03:12:40.892500Z,19,p,0.355,0.008898
1179,2018-11-18T03:12:40.993500Z,19,s,0.825,0.008898
1180,2018-11-18T03:13:05.419500Z,19,s,0.545,0.001554
1181,2018-11-18T03:13:54.484000Z,20,p,0.319,0.001984
1182,2018-11-18T03:13:54.715500Z,20,s,0.34,0.001984
1183,2018-11-18T03:14:08.936500Z,3,s,0.512,0.003471
1184,2018-11-18T03:14:21.120500Z,20,s,0.808,0.003355
1185,2018-11-18T03:14:29.323500Z,5,s,0.429,0.001853
1186,2018-11-18T03:15:24.305500Z,19,s,0.304,0.007783
1187,2018-11-18T03:15:28.081500Z,19,s,0.437,0.008689
1188,2018-11-18T03:15:54.058500Z,20,s,0.684,0.002499
1189,2018-11-18T03:16:46.964500Z,5,p,0.413,0.003061
1190,2018-11-18T03:16:47.184500Z,5,s,0.819,0.003061
1191,2018-11-18T03:16:48.014500Z,3,s,0.327,0.001546
1192,2018-11-18T03:17:02.376000Z,20,s,0.446,0.001823
1193,2018-11-18T03:17:50.761500Z,6,p,0.335,0.002064
1194,2018-11-18T03:17:50.775500Z,5,p,0.338,0.001908
1195,2018-11-18T03:17:51.423500Z,6,s,0.305,0.002684
1196,2018-11-18T03:17:51.553500Z,11,p,0.323,0.001617
1197,2018-11-18T03:17:51.577500Z,13,p,0.517,0.002119
1198,2018-11-18T03:18:15.236000Z,20,p,0.733,0.001739
1199,2018-11-18T03:18:15.462500Z,20,s,0.731,0.001739
1200,2018-11-18T03:18:52.085500Z,2,s,0.312,0.001563
1201,2018-11-18T03:18:52.190500Z,13,p,0.346,0.002133
1202,2018-11-18T03:18:56.682500Z,2,p,0.546,0.001837
1203,2018-11-18T03:18:56.742000Z,5,p,0.492,0.001989
1204,2018-11-18T03:18:56.766500Z,6,p,0.592,0.001788
1205,2018-11-18T03:18:56.890000Z,13,p,0.429,0.001793
1206,2018-11-18T03:19:10.229000Z,20,s,0.842,0.002994
1207,2018-11-18T03:19:21.442500Z,5,s,0.342,0.0022
1208,2018-11-18T03:19:24.147500Z,6,s,0.313,0.001643
1209,2018-11-18T03:19:28.158000Z,11,s,0.827,0.00362
1210,2018-11-18T03:19:31.043500Z,6,s,0.302,0.00204
1211,2018-11-18T03:20:14.055500Z,20,p,0.803,0.1052
1212,2018-11-18T03:20:14.074000Z,22,s,0.707,0.004387
1213,2018-11-18T03:20:14.085500Z,20,s,0.39,0.1052
1214,2018-11-18T03:20:20.202000Z,2,p,0.362,0.001801
1215,2018-11-18T03:20:20.284000Z,6,p,0.313,0.002629
1216,2018-11-18T03:20:20.289500Z,6,s,0.39,0.002629
1217,2018-11-18T03:20:20.424500Z,13,p,0.316,0.001876
1218,2018-11-18T03:20:21.014500Z,2,s,0.352,0.001707
1219,2018-11-18T03:20:21.098500Z,6,s,0.407,0.003051
1220,2018-11-18T03:20:27.934000Z,5,s,0.502,0.002253
1221,2018-11-18T03:20:30.306000Z,13,p,0.356,0.001787
1222,2018-11-18T03:20:38.306500Z,2,s,0.577,0.003781
1223,2018-11-18T03:21:05.851500Z,24,p,0.979,0.02774
1224,2018-11-18T03:21:05.855500Z,23,p,0.971,0.01449
1225,2018-11-18T03:21:05.859500Z,22,p,0.972,0.01004
1226,2018-11-18T03:21:05.862000Z,21,p,0.944,0.006736
1227,2018-11-18T03:21:05.865500Z,20,p,0.98,0.005048
1228,2018-11-18T03:21:05.870000Z,19,p,0.969,0.004219
1229,2018-11-18T03:21:05.880000Z,17,p,0.836,0.002602
1230,2018-11-18T03:21:05.884000Z,16,p,0.888,0.002971
1231,2018-11-18T03:21:05.887000Z,15,p,0.468,0.002163
1232,2018-11-18T03:21:05.899000Z,13,p,0.948,0.003039
1233,2018-11-18T03:21:05.904000Z,12,p,0.649,0.003444
1234,2018-11-18T03:21:05.907000Z,11,p,0.908,0.002471
1235,2018-11-18T03:21:05.910000Z,10,p,0.661,0.001772
1236,2018-11-18T03:21:05.931000Z,24,s,0.94,0.02774
1237,2018-11-18T03:21:05.937500Z,23,s,0.955,0.009628
1238,2018-11-18T03:21:05.944500Z,22,s,0.91,0.01004
1239,2018-11-18T03:21:05.952000Z,21,s,0.906,0.003992
1240,2018-11-18T03:21:05.955500Z,20,s,0.864,0.005048
1241,2018-11-18T03:21:05.962000Z,19,s,0.835,0.002359
1242,2018-11-18T03:21:05.977000Z,17,s,0.765,0.002418
1243,2018-11-18T03:21:05.986500Z,16,s,0.687,0.002102
1244,2018-11-18T03:21:06.014000Z,13,s,0.665,0.0023
1245,2018-11-18T03:21:06.021500Z,12,s,0.525,0.001571
1246,2018-11-18T03:21:06.034000Z,11,s,0.802,0.001562
1247,2018-11-18T03:21:06.043500Z,10,s,0.605,0.001636
1248,2018-11-18T03:21:22.439500Z,13,p,0.345,0.001673
1249,2018-11-18T03:21:43.839500Z,20,s,0.481,0.001763
1250,2018-11-18T03:22:15.040500Z,6,p,0.357,0.001848
1251,2018-11-18T03:22:16.602500Z,5,s,0.323,0.001888
1252,2018-11-18T03:22:16.626500Z,6,s,0.366,0.002035
1253,2018-11-18T03:22:47.009500Z,6,p,0.312,0.001617
1254,2018-11-18T03:23:03.749000Z,24,p,0.85,0.006443
1255,2018-11-18T03:23:03.753500Z,23,p,0.946,0.006552
1256,2018-11-18T03:23:03.759500Z,22,p,0.926,0.003822
1257,2018-11-18T03:23:03.771000Z,20,p,0.907,0.002393
1258,2018-11-18T03:23:03.793500Z,16,p,0.433,0.002168
1259,2018-11-18T03:23:03.817500Z,24,s,0.327,0.003614
1260,2018-11-18T03:23:03.828000Z,23,s,0.947,0.004528
1261,2018-11-18T03:23:03.837000Z,22,s,0.885,0.002222
1262,2018-11-18T03:23:03.856000Z,20,s,0.688,0.001841
1263,2018-11-18T03:23:03.863000Z,19,s,0.704,0.001619
1264,2018-11-18T03:23:16.818000Z,5,s,0.824,0.00327
1265,2018-11-18T03:24:08.284000Z,10,s,0.574,0.006161
1266,2018-11-18T03:24:29.692000Z,20,p,0.31,0.00226
1267,2018-11-18T03:24:29.841000Z,20,s,0.789,0.00226
1268,2018-11-18T03:24:30.141500Z,24,s,0.711,0.004492
1269,2018-11-18T03:24:51.907500Z,10,s,0.816,0.01385
1270,2018-11-18T03:25:13.006000Z,4,s,0.65,0.006293
1271,2018-11-18T03:26:06.240000Z,24,p,0.95,0.01262
1272,2018-11-18T03:26:06.245000Z,23,p,0.972,0.01144
1273,2018-11-18T03:26:06.247500Z,22,p,0.881,0.007768
1274,2018-11-18T03:26:06.255000Z,21,p,0.959,0.004423
1275,2018-11-18T03:26:06.261500Z,20,p,0.925,0.005086
1276,2018-11-18T03:26:06.264500Z,14,p,0.333,0.002276
1277,2018-11-18T03:26:06.266500Z,19,p,0.962,0.003669
1278,2018-11-18T03:26:06.284000Z,16,p,0.67,0.003076
1279,2018-11-18T03:26:06.294500Z,24,s,0.914,0.01262
1280,2018-11-18T03:26:06.303000Z,23,s,0.958,0.01144
1281,2018-11-18T03:26:06.310500Z,22,s,0.92,0.007768
1282,2018-11-18T03:26:06.319500Z,21,s,0.953,0.004423
1283,2018-11-18T03:26:06.329000Z,20,s,0.938,0.004973
1284,2018-11-18T03:26:06.336500Z,19,s,0.907,0.003037
1285,2018-11-18T03:26:06.347500Z,17,s,0.484,0.00165
1286,2018-11-18T03:26:06.374000Z,16,s,0.508,0.003076
1287,2018-11-18T03:26:06.386500Z,14,s,0.635,0.002276
1288,2018-11-18T03:26:06.405500Z,12,s,0.317,0.001585
1289,2018-11-18T03:26:10.135500Z,24,p,0.941,0.005789
1290,2018-11-18T03:26:10.138000Z,23,p,0.905,0.005382
1291,2018-11-18T03:26:10.155500Z,20,p,0.89,0.002925
1292,2018-11-18T03:26:10.160500Z,19,p,0.466,0.002057
1293,2018-11-18T03:26:10.189500Z,24,s,0.91,0.005789
1294,2018-11-18T03:26:10.197500Z,23,s,0.942,0.005382
1295,2018-11-18T03:26:10.206000Z,22,s,0.878,0.004178
1296,2018-11-18T03:26:10.214000Z,21,s,0.531,0.002337
1297,2018-11-18T03:26:10.224000Z,20,s,0.724,0.002815
1298,2018-11-18T03:26:10.232500Z,19,s,0.628,0.001373
1299,2018-11-18T03:26:12.919500Z,5,s,0.546,0.002316
1300,2018-11-18T03:26:35.797500Z,1,s,0.567,0.002571
1301,2018-11-18T03:27:13.973500Z,11,s,0.757,0.003889
1302,2018-11-18T03:27:24.086500Z,6,s,0.347,0.001692
1303,2018-11-18T03:27:55.056500Z,22,s,0.621,0.002984
1304,2018-11-18T03:27:57.914500Z,20,s,0.586,0.001797
1305,2018-11-18T03:28:26.107500Z,5,s,0.397,0.001625
1306,2018-11-18T03:28:48.113500Z,5,s,0.525,0.002624
1307,2018-11-18T03:28:52.964000Z,2,p,0.652,0.003824
1308,2018-11-18T03:28:53.072500Z,2,s,0.512,0.003824
1309,2018-11-18T03:29:45.053500Z,4,p,0.316,0.001546
1310,2018-11-18T03:29:45.079500Z,5,s,0.388,0.002575
1311,2018-11-18T03:29:45.095500Z,6,s,0.311,0.003121
1312,2018-11-18T03:29:51.469500Z,22,s,0.478,0.003039
1313,2018-11-18T03:30:15.810500Z,20,s,0.644,0.003569
1314,2018-11-18T03:30:43.605500Z,20,s,0.372,0.001656
1315,2018-11-18T03:30:44.137500Z,2,p,0.478,0.001557
1316,2018-11-18T03:30:44.197500Z,5,p,0.316,0.002173
1317,2018-11-18T03:30:44.374000Z,13,p,0.537,0.001736
1318,2018-11-18T03:30:48.678000Z,23,p,0.677,0.005471
1319,2018-11-18T03:30:48.686500Z,21,p,0.518,0.0025
1320,2018-11-18T03:30:48.692500Z,20,p,0.621,0.003164
1321,2018-11-18T03:30:48.698000Z,19,p,0.83,0.002079
1322,2018-11-18T03:30:48.727000Z,24,s,0.884,0.006686
1323,2018-11-18T03:30:48.735000Z,23,s,0.927,0.005471
1324,2018-11-18T03:30:48.743000Z,22,s,0.906,0.003594
1325,2018-11-18T03:30:48.751000Z,21,s,0.71,0.0025
1326,2018-11-18T03:30:48.760000Z,20,s,0.749,0.002496
1327,2018-11-18T03:30:48.769000Z,19,s,0.827,0.001562
1328,2018-11-18T03:30:51.940500Z,23,s,0.33,0.002994
1329,2018-11-18T03:32:02.401500Z,5,s,0.689,0.002469
1330,2018-11-18T03:32:27.390000Z,9,p,0.436,0.001595
1331,2018-11-18T03:32:53.637500Z,19,s,0.726,0.004452
1332,2018-11-18T03:33:41.117500Z,20,p,0.341,0.001837
1333,2018-11-18T03:33:41.269500Z,20,s,0.603,0.001837
1334,2018-11-18T03:34:25.524000Z,20,p,0.565,0.002226
1335,2018-11-18T03:34:25.771000Z,20,s,0.748,0.002226
1336,2018-11-18T03:34:42.085500Z,11,s,0.573,0.003834
1337,2018-11-18T03:35:19.756000Z,19,s,0.789,0.001923
1338,2018-11-18T03:35:23.893500Z,23,s,0.453,0.008334
1339,2018-11-18T03:35:28.832500Z,7,s,0.35,0.004654
1340,2018-11-18T03:35:47.476000Z,23,s,0.563,0.002639
1341,2018-11-18T03:36:09.110500Z,20,s,0.706,0.001518
1342,2018-11-18T03:36:32.283500Z,5,p,0.384,0.002962
1343,2018-11-18T03:36:32.368500Z,5,s,0.588,0.002962
1344,2018-11-18T03:38:04.957500Z,24,s,0.466,0.002438
1345,2018-11-18T03:38:11.608000Z,24,p,0.981,13.22
1346,2018-11-18T03:38:11.612000Z,23,p,0.977,14.41
1347,2018-11-18T03:38:11.617000Z,22,p,0.976,6.174
1348,2018-11-18T03:38:11.621500Z,21,p,0.981,4.673
1349,2018-11-18T03:38:11.627500Z,20,p,0.985,2.092
1350,2018-11-18T03:38:11.632500Z,19,p,0.979,1.892
1351,2018-11-18T03:38:11.638500Z,18,p,0.984,1.45
1352,2018-11-18T03:38:11.644000Z,17,p,0.984,1.344
1353,2018-11-18T03:38:11.646000Z,24,s,0.955,13.22
1354,2018-11-18T03:38:11.650000Z,16,p,0.985,1.247
1355,2018-11-18T03:38:11.652500Z,23,s,0.958,14.41
1356,2018-11-18T03:38:11.655500Z,15,p,0.987,0.8129
1357,2018-11-18T03:38:11.659500Z,22,s,0.972,6.174
1358,2018-11-18T03:38:11.661500Z,14,p,0.986,1.824
1359,2018-11-18T03:38:11.667500Z,13,p,0.984,2.307
1360,2018-11-18T03:38:11.669000Z,21,s,0.954,4.673
1361,2018-11-18T03:38:11.672000Z,12,p,0.976,0.8476
1362,2018-11-18T03:38:11.677500Z,11,p,0.979,0.3885
1363,2018-11-18T03:38:11.678000Z,20,s,0.962,2.092
1364,2018-11-18T03:38:11.683500Z,10,p,0.985,0.4824
1365,2018-11-18T03:38:11.686500Z,19,s,0.959,1.892
1366,2018-11-18T03:38:11.688500Z,9,p,0.975,0.4234
1367,2018-11-18T03:38:11.694000Z,8,p,0.977,0.5556
1368,2018-11-18T03:38:11.697000Z,18,s,0.961,1.45
1369,2018-11-18T03:38:11.699500Z,7,p,0.977,0.3396
1370,2018-11-18T03:38:11.706000Z,6,p,0.981,0.3523
1371,2018-11-18T03:38:11.706500Z,17,s,0.961,1.344
1372,2018-11-18T03:38:11.711500Z,5,p,0.979,0.3392
1373,2018-11-18T03:38:11.717000Z,16,s,0.96,1.247
1374,2018-11-18T03:38:11.717500Z,4,p,0.979,0.4605
1375,2018-11-18T03:38:11.723500Z,3,p,0.985,0.4356
1376,2018-11-18T03:38:11.725000Z,15,s,0.889,0.8129
1377,2018-11-18T03:38:11.729500Z,2,p,0.982,0.39
1378,2018-11-18T03:38:11.734000Z,1,p,0.976,0.2708
1379,2018-11-18T03:38:11.735500Z,14,s,0.966,1.824
1380,2018-11-18T03:38:11.746500Z,13,s,0.927,2.307
1381,2018-11-18T03:38:11.755000Z,12,s,0.916,0.8476
1382,2018-11-18T03:38:11.767000Z,11,s,0.908,0.3885
1383,2018-11-18T03:38:11.776500Z,10,s,0.722,0.4824
1384,2018-11-18T03:38:11.785000Z,9,s,0.886,0.4234
1385,2018-11-18T03:38:11.793000Z,8,s,0.911,0.5556
1386,2018-11-18T03:38:11.800500Z,7,s,0.917,0.3396
1387,2018-11-18T03:38:11.811000Z,6,s,0.909,0.3523
1388,2018-11-18T03:38:11.820000Z,5,s,0.923,0.2736
1389,2018-11-18T03:38:11.830500Z,4,s,0.831,0.4605
1390,2018-11-18T03:38:11.839000Z,3,s,0.865,0.4356
1391,2018-11-18T03:38:11.852000Z,2,s,0.919,0.39
1392,2018-11-18T03:38:11.858500Z,1,s,0.929,0.2708
1393,2018-11-18T03:38:12.968500Z,15,p,0.31,0.002893
1394,2018-11-18T03:39:31.557500Z,20,s,0.571,0.001669
1395,2018-11-18T03:39:42.289500Z,13,s,0.727,0.003666
1396,2018-11-18T03:39:53.676500Z,20,p,0.325,0.002908
1397,2018-11-18T03:39:54.048000Z,20,s,0.744,0.002908
1398,2018-11-18T03:40:27.422000Z,20,p,0.661,0.001687
1399,2018-11-18T03:40:27.652000Z,20,s,0.415,0.001687
1400,2018-11-18T03:41:00.540500Z,5,s,0.558,0.003191
1401,2018-11-18T03:41:53.246500Z,13,s,0.327,0.0028
1402,2018-11-18T03:42:24.097500Z,24,s,0.55,0.005229
1403,2018-11-18T03:42:29.924500Z,12,s,0.359,0.001682
1404,2018-11-18T03:42:36.101500Z,20,p,0.305,0.001848
1405,2018-11-18T03:42:36.322500Z,20,s,0.349,0.001768
1406,2018-11-18T03:42:59.559500Z,8,p,0.533,0.001137
1407,2018-11-18T03:42:59.595000Z,7,s,0.451,0.01133
1408,2018-11-18T03:42:59.597500Z,7,p,0.497,0.01133
1409,2018-11-18T03:42:59.598000Z,6,p,0.887,0.01716
1410,2018-11-18T03:42:59.604000Z,8,p,0.413,0.01785
1411,2018-11-18T03:42:59.617000Z,5,p,0.752,0.01195
1412,2018-11-18T03:42:59.618000Z,8,s,0.962,0.01785
1413,2018-11-18T03:42:59.620500Z,5,s,0.342,0.01195
1414,2018-11-18T03:42:59.638000Z,9,s,0.326,0.005772
1415,2018-11-18T03:42:59.639000Z,4,s,0.354,0.01702
1416,2018-11-18T03:42:59.640500Z,4,p,0.665,0.01702
1417,2018-11-18T03:42:59.660000Z,10,p,0.583,0.007122
1418,2018-11-18T03:42:59.660500Z,3,s,0.436,0.007107
1419,2018-11-18T03:42:59.680000Z,11,s,0.916,0.00646
1420,2018-11-18T03:42:59.681000Z,2,p,0.711,0.007011
1421,2018-11-18T03:42:59.700500Z,12,s,0.34,0.005639
1422,2018-11-18T03:42:59.721500Z,13,s,0.768,0.006343
1423,2018-11-18T03:43:15.580500Z,22,s,0.637,0.005084
1424,2018-11-18T03:43:21.135500Z,11,p,0.541,0.004247
1425,2018-11-18T03:43:21.311000Z,11,s,0.847,0.004247
1426,2018-11-18T03:43:33.183500Z,20,p,0.322,0.001667
1427,2018-11-18T03:43:33.467500Z,20,s,0.343,0.001667
1428,2018-11-18T03:43:43.570000Z,2,p,0.406,0.002312
1429,2018-11-18T03:43:43.598500Z,3,s,0.396,0.001703
1430,2018-11-18T03:43:43.614000Z,4,s,0.403,0.002377
1431,2018-11-18T03:43:43.666500Z,6,s,0.608,0.004036
1432,2018-11-18T03:43:43.690500Z,8,s,0.401,0.002064
1433,2018-11-18T03:43:43.773500Z,11,s,0.367,0.001853
1434,2018-11-18T03:43:43.786500Z,12,s,0.553,0.003594
1435,2018-11-18T03:43:43.800500Z,13,s,0.571,0.003769
1436,2018-11-18T03:43:43.922500Z,18,s,0.513,0.002895
1437,2018-11-18T03:43:43.950000Z,19,s,0.398,0.002353
1438,2018-11-18T03:44:48.888000Z,2,p,0.4,0.01901
1439,2018-11-18T03:44:48.890500Z,1,s,0.604,0.007168
1440,2018-11-18T03:44:48.927500Z,3,s,0.482,0.00949
1441,2018-11-18T03:44:48.950500Z,4,s,0.527,0.01165
1442,2018-11-18T03:44:48.965500Z,5,p,0.49,0.01962
1443,2018-11-18T03:44:49.014500Z,7,s,0.589,0.005353
1444,2018-11-18T03:44:49.038500Z,8,s,0.615,0.01179
1445,2018-11-18T03:44:49.055000Z,9,s,0.544,0.009322
1446,2018-11-18T03:44:49.074500Z,10,s,0.652,0.005173
1447,2018-11-18T03:44:49.097000Z,11,s,0.729,0.01104
1448,2018-11-18T03:44:49.117500Z,12,s,0.396,0.02051
1449,2018-11-18T03:44:49.138500Z,13,s,0.562,0.02737
1450,2018-11-18T03:44:49.156000Z,14,p,0.534,0.004914
1451,2018-11-18T03:44:49.180500Z,15,s,0.538,0.003119
1452,2018-11-18T03:44:49.202500Z,16,s,0.439,0.003202
1453,2018-11-18T03:44:49.214500Z,17,p,0.659,0.011
1454,2018-11-18T03:44:49.236000Z,18,p,0.664,0.01034
1455,2018-11-18T03:44:49.270000Z,19,s,0.536,0.006949
1456,2018-11-18T03:44:49.286500Z,20,s,0.554,0.002823
1457,2018-11-18T03:44:49.306500Z,21,s,0.63,0.003206
1458,2018-11-18T03:44:49.324000Z,22,s,0.475,0.005812
1459,2018-11-18T03:44:49.348000Z,23,s,0.585,0.003249
1460,2018-11-18T03:44:49.362500Z,24,s,0.424,0.01767
1461,2018-11-18T03:45:07.612500Z,19,s,0.332,0.006583
1462,2018-11-18T03:45:26.158000Z,5,s,0.782,0.002978
1463,2018-11-18T03:45:31.134500Z,20,p,0.376,0.003593
1464,2018-11-18T03:45:31.258000Z,20,s,0.833,0.003593
1465,2018-11-18T03:45:38.922500Z,20,s,0.617,0.001646
1466,2018-11-18T03:45:58.244000Z,2,s,0.765,0.00261
1467,2018-11-18T03:46:00.017500Z,1,p,0.49,0.002528
1468,2018-11-18T03:46:00.152500Z,1,s,0.706,0.002528
1469,2018-11-18T03:46:00.776500Z,19,s,0.475,0.002672
1470,2018-11-18T03:46:52.508500Z,23,p,0.324,0.01258
1471,2018-11-18T03:46:52.613500Z,23,s,0.634,0.01258
1472,2018-11-18T03:48:18.021500Z,23,s,0.309,0.002007
1473,2018-11-18T03:48:35.741500Z,24,s,0.74,0.004159
1474,2018-11-18T03:49:23.418000Z,1,p,0.562,0.00838
1475,2018-11-18T03:49:23.452000Z,1,s,0.499,0.00838
1476,2018-11-18T03:49:23.990500Z,1,p,0.602,0.01121
1477,2018-11-18T03:49:27.733500Z,5,p,0.338,0.003425
1478,2018-11-18T03:49:27.798500Z,5,s,0.801,0.003425
1479,2018-11-18T03:49:36.702500Z,17,s,0.797,0.002625
1480,2018-11-18T03:49:50.892000Z,20,p,0.742,0.002662
1481,2018-11-18T03:49:51.034000Z,20,s,0.76,0.002662
1482,2018-11-18T03:50:39.464500Z,18,s,0.362,0.004888
1483,2018-11-18T03:50:47.830500Z,11,s,0.75,0.004522
1484,2018-11-18T03:51:55.951500Z,5,p,0.564,0.003435
1485,2018-11-18T03:51:56.032000Z,5,s,0.919,0.003435
1486,2018-11-18T03:52:51.029500Z,20,p,0.35,0.001688
1487,2018-11-18T03:54:43.266000Z,24,s,0.44,0.003554
1488,2018-11-18T03:55:12.172000Z,20,s,0.768,0.003339
1489,2018-11-18T03:55:40.678000Z,3,s,0.451,0.003866
1490,2018-11-18T03:55:51.021500Z,20,p,0.746,0.001881
1491,2018-11-18T03:55:51.557500Z,5,p,0.35,0.003432
1492,2018-11-18T03:55:51.661500Z,5,s,0.822,0.003432
1493,2018-11-18T03:55:59.358000Z,23,s,0.318,0.002171
1494,2018-11-18T03:56:04.245500Z,22,s,0.555,0.004616
1495,2018-11-18T03:57:15.962000Z,5,s,0.809,0.002763
1496,2018-11-18T03:57:29.082500Z,5,s,0.498,0.00216
1497,2018-11-18T03:57:29.102500Z,6,s,0.594,0.002849
1498,2018-11-18T03:57:29.207500Z,11,p,0.465,0.001758
1499,2018-11-18T03:57:29.222500Z,12,s,0.429,0.002409
1500,2018-11-18T03:58:11.381500Z,22,s,0.343,0.002055
1501,2018-11-18T03:58:36.066000Z,11,s,0.852,0.003376
1502,2018-11-18T03:58:41.297500Z,6,p,0.438,0.001682
1503,2018-11-18T03:58:42.374500Z,8,p,0.336,0.001614
1504,2018-11-18T03:58:42.458500Z,11,p,0.379,0.001804
1505,2018-11-18T03:58:42.828500Z,5,p,0.442,0.003038
1506,2018-11-18T03:58:43.126500Z,19,s,0.37,0.001594
1507,2018-11-18T03:58:46.501500Z,20,s,0.66,0.00206
1508,2018-11-18T04:00:09.589500Z,20,p,0.885,0.002917
1509,2018-11-18T04:00:10.036500Z,20,s,0.775,0.002917
1510,2018-11-18T04:00:31.151500Z,2,p,0.346,0.001817
1511,2018-11-18T04:00:31.384500Z,23,s,0.847,0.003431
1512,2018-11-18T04:00:34.750500Z,6,s,0.36,0.002467
1513,2018-11-18T04:00:34.887500Z,13,p,0.365,0.002182
1514,2018-11-18T04:00:43.251500Z,19,s,0.378,0.001981
1515,2018-11-18T04:00:43.928500Z,2,s,0.359,0.002108
1516,2018-11-18T04:00:54.794500Z,19,s,0.563,0.003488
1517,2018-11-18T04:02:31.686500Z,20,s,0.353,0.001802
1518,2018-11-18T04:02:44.168000Z,5,s,0.693,0.003812
1519,2018-11-18T04:03:47.502000Z,20,s,0.445,0.002248
1520,2018-11-18T04:05:03.509500Z,18,p,0.389,0.009609
1521,2018-11-18T04:05:05.306000Z,5,s,0.564,0.002847
1522,2018-11-18T04:05:12.128500Z,23,p,0.312,0.003069
1523,2018-11-18T04:05:12.256500Z,23,s,0.695,0.003069
1524,2018-11-18T04:05:32.421500Z,17,s,0.454,0.002506
1525,2018-11-18T04:05:43.144500Z,4,s,0.497,0.006573
1526,2018-11-18T04:05:43.147500Z,4,p,0.368,0.006573
1527,2018-11-18T04:05:59.402500Z,20,p,0.674,0.002426
1528,2018-11-18T04:05:59.574500Z,20,s,0.766,0.002426
1529,2018-11-18T04:06:17.321500Z,15,s,0.329,0.01227
1530,2018-11-18T04:06:18.404000Z,15,p,0.749,0.04324
1531,2018-11-18T04:06:20.508000Z,1,s,0.391,0.002485
1532,2018-11-18T04:06:43.042000Z,24,s,0.537,0.005744
1533,2018-11-18T04:07:15.576500Z,11,s,0.487,0.003933
1534,2018-11-18T04:07:57.697500Z,22,p,0.599,0.005668
1535,2018-11-18T04:07:57.802000Z,22,s,0.598,0.005668
1536,2018-11-18T04:09:05.752500Z,22,s,0.3,0.002801
1537,2018-11-18T04:09:14.136500Z,5,s,0.563,0.002522
1538,2018-11-18T04:10:05.458500Z,19,p,0.446,0.009386
1539,2018-11-18T04:10:05.557500Z,19,s,0.464,0.009386
1540,2018-11-18T04:10:17.103500Z,13,s,0.548,0.004188
1541,2018-11-18T04:11:05.840500Z,15,p,0.308,0.1494
1542,2018-11-18T04:11:38.036000Z,20,s,0.619,0.00369
1543,2018-11-18T04:12:31.252000Z,24,p,0.331,0.00406
1544,2018-11-18T04:12:31.381000Z,24,s,0.805,0.00406
1545,2018-11-18T04:12:56.102000Z,5,s,0.773,0.002924
1546,2018-11-18T04:12:58.869500Z,19,s,0.358,0.001857
1547,2018-11-18T04:13:09.185500Z,23,s,0.355,0.001852
1548,2018-11-18T04:13:09.668000Z,17,s,0.602,0.001994
1549,2018-11-18T04:13:26.033500Z,19,s,0.378,0.002366
1550,2018-11-18T04:13:26.722500Z,19,s,0.383,0.001909
1551,2018-11-18T04:14:07.367500Z,3,s,0.445,0.002523
1552,2018-11-18T04:14:11.922000Z,15,p,0.775,0.01331
1553,2018-11-18T04:14:17.158500Z,20,p,0.708,0.001839
1554,2018-11-18T04:14:17.450500Z,20,s,0.497,0.001839
1555,2018-11-18T04:14:41.606500Z,5,p,0.337,0.001585
1556,2018-11-18T04:15:21.868000Z,11,s,0.817,0.00424
1557,2018-11-18T04:15:25.772500Z,8,s,0.401,0.002967
1558,2018-11-18T04:15:52.660000Z,20,s,0.784,0.002606
1559,2018-11-18T04:15:53.633500Z,2,s,0.359,0.001929
1560,2018-11-18T04:16:44.732500Z,5,s,0.341,0.002876
1561,2018-11-18T04:17:34.574000Z,20,p,0.419,0.002012
1562,2018-11-18T04:17:34.822000Z,20,s,0.588,0.002012
1563,2018-11-18T04:18:02.831500Z,18,s,0.313,0.002186
1564,2018-11-18T04:18:04.357500Z,19,s,0.327,0.00283
1565,2018-11-18T04:18:19.085500Z,24,s,0.627,0.005269
1566,2018-11-18T04:18:21.876500Z,19,p,0.303,0.002453
1567,2018-11-18T04:18:21.985000Z,19,s,0.791,0.002453
1568,2018-11-18T04:18:51.286500Z,20,s,0.643,0.00162
1569,2018-11-18T04:19:10.544500Z,2,s,0.614,0.001784
1570,2018-11-18T04:20:36.859500Z,5,s,0.357,0.00259
1571,2018-11-18T04:20:51.722000Z,22,s,0.686,0.004675
1572,2018-11-18T04:21:17.919000Z,20,s,0.699,0.003328
1573,2018-11-18T04:21:20.917500Z,20,s,0.638,0.00165
1574,2018-11-18T04:21:26.679500Z,8,p,0.443,0.001764
1575,2018-11-18T04:21:26.834500Z,8,s,0.564,0.001764
1576,2018-11-18T04:22:20.745500Z,15,s,0.41,0.007094
1577,2018-11-18T04:22:32.344000Z,20,s,0.468,0.00166
1578,2018-11-18T04:23:07.231500Z,11,s,0.517,0.003715
1579,2018-11-18T04:23:41.086500Z,20,p,0.435,0.001905
1580,2018-11-18T04:24:04.156500Z,5,p,0.373,0.003243
1581,2018-11-18T04:24:04.256500Z,5,s,0.445,0.003243
1582,2018-11-18T04:24:07.900500Z,24,p,0.4,0.005568
1583,2018-11-18T04:24:08.069500Z,24,s,0.694,0.005568
1584,2018-11-18T04:24:37.776500Z,13,p,0.351,0.00656
1585,2018-11-18T04:24:37.779000Z,13,s,0.479,0.00656
1586,2018-11-18T04:25:12.671500Z,20,p,0.685,0.002294
1587,2018-11-18T04:25:12.840500Z,20,s,0.356,0.002294
1588,2018-11-18T04:25:18.033500Z,20,p,0.854,0.002397
1589,2018-11-18T04:25:18.163000Z,20,s,0.69,0.002397
1590,2018-11-18T04:25:28.940000Z,2,s,0.383,0.001502
1591,2018-11-18T04:25:57.733500Z,1,s,0.709,0.002752
1592,2018-11-18T04:26:03.612500Z,20,p,0.433,0.003244
1593,2018-11-18T04:26:03.867000Z,20,s,0.688,0.003244
1594,2018-11-18T04:26:16.893500Z,20,p,0.347,0.001727
1595,2018-11-18T04:26:17.135500Z,20,s,0.305,0.001727
1596,2018-11-18T04:26:41.527500Z,6,p,0.468,0.001516
1597,2018-11-18T04:26:42.033500Z,2,p,0.329,0.002489
1598,2018-11-18T04:26:42.108500Z,3,p,0.328,0.001688
1599,2018-11-18T04:27:23.504500Z,8,s,0.666,0.003346
1600,2018-11-18T04:27:29.003500Z,20,s,0.396,0.001651
1601,2018-11-18T04:27:32.842500Z,6,s,0.485,0.002958
1602,2018-11-18T04:27:32.874500Z,8,s,0.36,0.001807
1603,2018-11-18T04:27:32.962500Z,12,s,0.472,0.002161
1604,2018-11-18T04:27:32.969500Z,13,p,0.376,0.002276
1605,2018-11-18T04:27:33.102500Z,18,s,0.414,0.002932
1606,2018-11-18T04:28:27.252500Z,23,p,0.366,0.003555
1607,2018-11-18T04:28:27.334000Z,23,s,0.554,0.003555
1608,2018-11-18T04:28:33.378500Z,2,p,0.397,0.001646
1609,2018-11-18T04:28:33.448500Z,5,p,0.594,0.001846
1610,2018-11-18T04:28:33.454500Z,6,p,0.408,0.00204
1611,2018-11-18T04:28:33.569500Z,12,p,0.371,0.001542
1612,2018-11-18T04:28:33.612500Z,13,p,0.497,0.00186
1613,2018-11-18T04:28:33.910500Z,2,s,0.318,0.001626
1614,2018-11-18T04:28:33.990500Z,5,s,0.45,0.001923
1615,2018-11-18T04:28:34.010500Z,6,s,0.419,0.002503
1616,2018-11-18T04:28:40.942500Z,20,s,0.549,0.002582
1617,2018-11-18T04:28:47.846500Z,6,p,0.426,0.002988
1618,2018-11-18T04:28:48.065500Z,2,p,0.655,0.001931
1619,2018-11-18T04:28:48.126500Z,5,p,0.455,0.002653
1620,2018-11-18T04:28:48.154500Z,6,s,0.441,0.002988
1621,2018-11-18T04:28:48.296500Z,13,p,0.445,0.002733
1622,2018-11-18T04:28:48.540000Z,2,s,0.419,0.001505
1623,2018-11-18T04:28:48.610500Z,5,s,0.409,0.002204
1624,2018-11-18T04:28:48.628500Z,6,s,0.472,0.002231
1625,2018-11-18T04:28:48.757500Z,13,s,0.408,0.001747
1626,2018-11-18T04:28:52.046500Z,5,s,0.378,0.001937
1627,2018-11-18T04:28:53.877500Z,20,p,0.338,0.002072
1628,2018-11-18T04:28:57.386500Z,5,s,0.455,0.001884
1629,2018-11-18T04:28:57.416000Z,6,s,0.519,0.001838
1630,2018-11-18T04:29:41.749500Z,15,p,0.497,0.03367
1631,2018-11-18T04:29:41.753500Z,15,s,0.433,0.03367
1632,2018-11-18T04:29:51.512000Z,3,p,0.428,0.002713
1633,2018-11-18T04:29:57.952000Z,5,s,0.316,0.002161
1634,2018-11-18T04:29:58.102500Z,13,p,0.302,0.00186
1635,2018-11-18T04:30:10.544500Z,24,s,0.416,0.0052
1636,2018-11-18T04:30:15.680500Z,5,p,0.603,0.002041
1637,2018-11-18T04:30:15.706500Z,6,p,0.568,0.002753
1638,2018-11-18T04:30:16.006500Z,5,s,0.486,0.002041
1639,2018-11-18T04:30:16.025500Z,6,s,0.501,0.002753
1640,2018-11-18T04:30:44.122500Z,20,s,0.588,0.002513
1641,2018-11-18T04:30:52.062500Z,3,p,0.323,0.001519
1642,2018-11-18T04:30:52.077500Z,22,s,0.599,0.002443
1643,2018-11-18T04:30:52.582500Z,1,s,0.569,0.00265
1644,2018-11-18T04:30:52.598500Z,2,s,0.316,0.006159
1645,2018-11-18T04:30:52.616000Z,3,s,0.466,0.003727
1646,2018-11-18T04:30:52.631500Z,4,p,0.309,0.004663
1647,2018-11-18T04:30:52.638000Z,4,s,0.327,0.004663
1648,2018-11-18T04:30:52.681500Z,6,s,0.534,0.01061
1649,2018-11-18T04:30:52.708000Z,7,s,0.478,0.002337
1650,2018-11-18T04:30:52.730500Z,8,s,0.602,0.004253
1651,2018-11-18T04:30:52.745000Z,9,s,0.328,0.003588
1652,2018-11-18T04:30:52.767500Z,10,s,0.346,0.002735
1653,2018-11-18T04:30:52.784000Z,11,s,0.436,0.004203
1654,2018-11-18T04:30:52.804500Z,22,p,0.327,0.003035
1655,2018-11-18T04:30:52.806500Z,12,s,0.447,0.008007
1656,2018-11-18T04:30:52.824500Z,13,s,0.537,0.01021
1657,2018-11-18T04:30:52.920500Z,17,s,0.317,0.004807
1658,2018-11-18T04:30:52.946500Z,18,s,0.566,0.005425
1659,2018-11-18T04:30:52.968000Z,19,s,0.352,0.003209
1660,2018-11-18T04:30:53.004500Z,21,s,0.452,0.002158
1661,2018-11-18T04:30:53.020000Z,22,s,0.54,0.003035
1662,2018-11-18T04:30:53.060500Z,24,s,0.391,0.008622
1663,2018-11-18T04:31:01.508000Z,11,p,0.38,0.005024
1664,2018-11-18T04:31:01.589500Z,11,s,0.788,0.005024
1665,2018-11-18T04:31:02.268500Z,1,s,0.472,0.001893
1666,2018-11-18T04:31:02.284000Z,2,p,0.303,0.003251
1667,2018-11-18T04:31:02.311500Z,3,s,0.307,0.001768
1668,2018-11-18T04:31:02.336500Z,4,s,0.356,0.002713
1669,2018-11-18T04:31:02.382000Z,6,s,0.433,0.004788
1670,2018-11-18T04:31:02.422500Z,8,s,0.506,0.002114
1671,2018-11-18T04:31:02.485500Z,11,s,0.319,0.002163
1672,2018-11-18T04:31:02.502500Z,12,s,0.472,0.003662
1673,2018-11-18T04:31:02.526500Z,13,s,0.568,0.004989
1674,2018-11-18T04:31:02.622500Z,17,s,0.503,0.002656
1675,2018-11-18T04:31:02.646500Z,18,s,0.446,0.003733
1676,2018-11-18T04:31:02.660500Z,19,s,0.414,0.001954
1677,2018-11-18T04:31:02.742500Z,24,s,0.361,0.004781
1678,2018-11-18T04:31:03.516000Z,2,p,0.308,0.003164
1679,2018-11-18T04:31:03.520500Z,2,s,0.38,0.003164
1680,2018-11-18T04:31:03.540500Z,3,s,0.366,0.001827
1681,2018-11-18T04:31:03.566500Z,4,p,0.315,0.002136
1682,2018-11-18T04:31:03.572000Z,4,s,0.344,0.002136
1683,2018-11-18T04:31:03.592500Z,5,s,0.343,0.003977
1684,2018-11-18T04:31:03.610500Z,6,s,0.548,0.004657
1685,2018-11-18T04:31:03.722500Z,12,p,0.461,0.003842
1686,2018-11-18T04:31:03.749500Z,13,p,0.657,0.004445
1687,2018-11-18T04:31:03.834500Z,17,p,0.389,0.002166
1688,2018-11-18T04:31:03.864500Z,18,s,0.373,0.003227
1689,2018-11-18T04:31:03.970500Z,24,s,0.345,0.004343
1690,2018-11-18T04:31:04.231500Z,1,s,0.326,0.001603
1691,2018-11-18T04:31:04.246500Z,2,s,0.392,0.003002
1692,2018-11-18T04:31:04.263500Z,3,s,0.331,0.001979
1693,2018-11-18T04:31:04.310000Z,5,p,0.569,0.003849
1694,2018-11-18T04:31:04.336000Z,6,s,0.528,0.004674
1695,2018-11-18T04:31:04.374500Z,8,s,0.399,0.002189
1696,2018-11-18T04:31:04.440500Z,11,s,0.617,0.002046
1697,2018-11-18T04:31:04.458500Z,12,s,0.499,0.003823
1698,2018-11-18T04:31:04.478500Z,13,s,0.562,0.004699
1699,2018-11-18T04:31:04.566500Z,17,s,0.315,0.002451
1700,2018-11-18T04:31:04.590500Z,18,s,0.525,0.002815
1701,2018-11-18T04:31:04.698500Z,24,s,0.417,0.00381
1702,2018-11-18T04:31:11.596500Z,22,s,0.456,0.004712
1703,2018-11-18T04:31:16.440000Z,20,p,0.589,0.002487
1704,2018-11-18T04:31:16.567000Z,20,s,0.727,0.002487
1705,2018-11-18T04:31:56.424500Z,24,p,0.598,0.002982
1706,2018-11-18T04:31:56.507500Z,24,s,0.694,0.002982
1707,2018-11-18T04:31:56.546000Z,20,p,0.389,0.001602
1708,2018-11-18T04:31:56.766000Z,20,s,0.49,0.001602
1709,2018-11-18T04:32:32.189500Z,23,s,0.472,0.002247
1710,2018-11-18T04:32:35.808500Z,5,s,0.688,0.003364
1711,2018-11-18T04:33:09.729500Z,6,p,0.334,0.001727
1712,2018-11-18T04:33:10.912500Z,2,p,0.523,0.001528
1713,2018-11-18T04:33:10.968500Z,5,p,0.512,0.002422
1714,2018-11-18T04:33:10.997500Z,6,p,0.337,0.002391
1715,2018-11-18T04:33:11.037500Z,8,p,0.32,0.001713
1716,2018-11-18T04:33:11.109500Z,11,p,0.389,0.001585
1717,2018-11-18T04:34:38.003000Z,5,s,0.847,0.002917
1718,2018-11-18T04:35:17.224500Z,19,s,0.308,0.003734
1719,2018-11-18T04:35:42.118000Z,20,p,0.791,0.001696
1720,2018-11-18T04:35:42.322500Z,20,s,0.547,0.001696
1721,2018-11-18T04:36:06.283000Z,24,s,0.464,0.005782
1722,2018-11-18T04:36:52.107500Z,2,s,0.649,0.004883
1723,2018-11-18T04:36:59.321500Z,20,s,0.57,0.003422
1724,2018-11-18T04:38:38.897500Z,20,s,0.312,0.002118
1725,2018-11-18T04:38:40.317500Z,20,p,0.72,0.001926
1726,2018-11-18T04:38:40.465000Z,20,s,0.636,0.001926
1727,2018-11-18T04:38:46.814000Z,23,s,0.536,0.003053
1728,2018-11-18T04:39:08.527000Z,5,s,0.819,0.003993
1729,2018-11-18T04:39:24.000500Z,23,s,0.339,0.002443
1730,2018-11-18T04:39:43.000000Z,19,p,0.463,0.00194
1731,2018-11-18T04:39:43.353500Z,19,s,0.372,0.00194
1732,2018-11-18T04:39:48.869500Z,11,s,0.546,0.003485
1733,2018-11-18T04:40:03.599000Z,5,s,0.859,0.003436
1734,2018-11-18T04:40:27.254000Z,15,s,0.41,0.004691
1735,2018-11-18T04:41:12.057500Z,20,p,0.459,0.002621
1736,2018-11-18T04:41:12.196000Z,20,s,0.748,0.002621
1737,2018-11-18T04:41:22.684500Z,20,s,0.793,0.00233
1738,2018-11-18T04:41:51.392500Z,5,p,0.698,0.002896
1739,2018-11-18T04:41:51.445500Z,5,s,0.782,0.002896
1740,2018-11-18T04:42:07.812500Z,24,s,0.558,0.004267
1741,2018-11-18T04:42:54.530000Z,23,s,0.777,0.01209
1742,2018-11-18T04:43:23.957500Z,22,s,0.32,0.002261
1743,2018-11-18T04:44:08.877500Z,20,s,0.463,0.001566
1744,2018-11-18T04:44:33.770500Z,6,s,0.356,0.002229
1745,2018-11-18T04:44:46.896500Z,23,s,0.546,0.002894
1746,2018-11-18T04:45:15.008000Z,1,p,0.352,0.01295
1747,2018-11-18T04:45:33.866500Z,1,p,0.325,0.002302
1748,2018-11-18T04:45:33.984500Z,1,s,0.582,0.002302
1749,2018-11-18T04:45:49.132000Z,20,p,0.707,0.001677
1750,2018-11-18T04:45:49.283000Z,20,s,0.69,0.001677
1751,2018-11-18T04:45:58.393500Z,4,s,0.77,0.006427
1752,2018-11-18T04:46:29.590500Z,6,s,0.317,0.001701
1753,2018-11-18T04:46:54.308000Z,20,s,0.722,0.002559
1754,2018-11-18T04:47:11.711500Z,7,p,0.574,0.003513
1755,2018-11-18T04:47:11.808500Z,7,s,0.33,0.003513
1756,2018-11-18T04:47:23.020000Z,3,s,0.829,0.003947
1757,2018-11-18T04:47:43.430000Z,3,s,0.365,0.004099
1758,2018-11-18T04:47:47.686500Z,6,s,0.311,0.002567
1759,2018-11-18T04:47:48.670000Z,24,p,0.562,0.004122
1760,2018-11-18T04:47:48.740500Z,23,p,0.488,0.004665
1761,2018-11-18T04:47:48.745500Z,22,p,0.608,0.0033
1762,2018-11-18T04:47:48.752500Z,21,p,0.39,0.002817
1763,2018-11-18T04:47:48.797000Z,24,s,0.728,0.004122
1764,2018-11-18T04:47:48.809000Z,23,s,0.92,0.004665
1765,2018-11-18T04:47:48.817000Z,22,s,0.931,0.0033
1766,2018-11-18T04:47:48.839000Z,20,s,0.617,0.003096
1767,2018-11-18T04:47:48.839000Z,19,s,0.496,0.00179
1768,2018-11-18T04:47:58.894500Z,5,s,0.817,0.002827
1769,2018-11-18T04:48:05.972000Z,24,p,0.417,0.006329
1770,2018-11-18T04:48:06.080500Z,24,s,0.758,0.006329
1771,2018-11-18T04:48:18.474000Z,11,s,0.736,0.003868
1772,2018-11-18T04:48:48.593500Z,15,s,0.491,0.02157
1773,2018-11-18T04:48:52.428500Z,24,p,0.356,0.003469
1774,2018-11-18T04:48:52.480000Z,23,p,0.828,0.003454
1775,2018-11-18T04:48:52.481500Z,22,p,0.41,0.002866
1776,2018-11-18T04:48:52.533000Z,24,s,0.641,0.003469
1777,2018-11-18T04:48:52.543000Z,23,s,0.923,0.003454
1778,2018-11-18T04:48:52.549500Z,22,s,0.791,0.002866
1779,2018-11-18T04:49:46.258000Z,5,p,0.409,0.002874
1780,2018-11-18T04:49:46.398000Z,5,s,0.75,0.002874
1781,2018-11-18T04:49:57.005000Z,19,s,0.625,0.002547
1782,2018-11-18T04:50:25.518000Z,20,s,0.489,0.002886
1783,2018-11-18T04:51:29.060000Z,19,s,0.512,0.001829
1784,2018-11-18T04:51:34.215000Z,20,s,0.874,0.00298
1785,2018-11-18T04:51:38.366000Z,20,s,0.583,0.001761
1786,2018-11-18T04:52:50.513500Z,22,p,0.428,0.005178
1787,2018-11-18T04:52:50.580000Z,22,s,0.759,0.005178
1788,2018-11-18T04:53:36.029500Z,23,s,0.431,0.001935
1789,2018-11-18T04:54:17.598000Z,24,s,0.347,0.005843
1790,2018-11-18T04:54:51.638500Z,5,p,0.567,0.002634
1791,2018-11-18T04:54:51.834500Z,5,s,0.574,0.002634
1792,2018-11-18T04:55:07.315500Z,6,p,0.469,0.002326
1793,2018-11-18T04:55:09.402000Z,2,p,0.401,0.001975
1794,2018-11-18T04:55:12.045500Z,13,s,0.311,0.002075
1795,2018-11-18T04:55:38.862500Z,8,s,0.367,0.002052
1796,2018-11-18T04:56:37.035000Z,24,p,0.972,0.006895
1797,2018-11-18T04:56:37.039500Z,23,p,0.97,0.008013
1798,2018-11-18T04:56:37.045500Z,22,p,0.973,0.007701
1799,2018-11-18T04:56:37.049500Z,21,p,0.865,0.006032
1800,2018-11-18T04:56:37.053500Z,20,p,0.839,0.004306
1801,2018-11-18T04:56:37.060000Z,19,p,0.966,0.005651
1802,2018-11-18T04:56:37.065000Z,18,p,0.624,0.004228
1803,2018-11-18T04:56:37.077500Z,16,p,0.712,0.003716
1804,2018-11-18T04:56:37.101500Z,24,s,0.95,0.006895
1805,2018-11-18T04:56:37.110000Z,23,s,0.953,0.008013
1806,2018-11-18T04:56:37.117500Z,22,s,0.95,0.004957
1807,2018-11-18T04:56:37.125500Z,21,s,0.642,0.004568
1808,2018-11-18T04:56:37.133500Z,20,s,0.884,0.002772
1809,2018-11-18T04:56:37.142000Z,19,s,0.915,0.002468
1810,2018-11-18T04:56:37.151500Z,18,s,0.64,0.004228
1811,2018-11-18T04:56:37.161500Z,16,s,0.526,0.001597
1812,2018-11-18T04:56:38.430000Z,13,s,0.895,0.003669
1813,2018-11-18T04:56:38.473500Z,11,s,0.435,0.002207
1814,2018-11-18T04:56:41.098000Z,20,p,0.81,0.002968
1815,2018-11-18T04:56:41.236500Z,20,s,0.769,0.002968
1816,2018-11-18T04:56:43.611500Z,13,s,0.52,0.002463
1817,2018-11-18T04:57:06.847500Z,20,p,0.347,0.001848
1818,2018-11-18T04:57:13.658500Z,1,s,0.465,0.002069
1819,2018-11-18T04:57:13.670500Z,2,p,0.478,0.005015
1820,2018-11-18T04:57:13.691500Z,3,s,0.328,0.002849
1821,2018-11-18T04:57:13.718500Z,4,s,0.542,0.003744
1822,2018-11-18T04:57:13.746500Z,5,s,0.637,0.006433
1823,2018-11-18T04:57:13.761500Z,6,s,0.439,0.007817
1824,2018-11-18T04:57:13.805500Z,8,s,0.391,0.003541
1825,2018-11-18T04:57:13.822500Z,9,p,0.4,0.002661
1826,2018-11-18T04:57:13.826500Z,9,s,0.399,0.002661
1827,2018-11-18T04:57:13.870500Z,11,s,0.495,0.003265
1828,2018-11-18T04:57:13.879500Z,12,s,0.528,0.005789
1829,2018-11-18T04:57:14.023500Z,18,s,0.393,0.004589
1830,2018-11-18T04:57:14.039500Z,19,s,0.405,0.002916
1831,2018-11-18T04:57:14.074000Z,1,p,0.382,0.002099
1832,2018-11-18T04:57:14.078000Z,21,s,0.429,0.001619
1833,2018-11-18T04:57:14.100000Z,22,s,0.443,0.002525
1834,2018-11-18T04:57:14.135500Z,24,s,0.331,0.00695
1835,2018-11-18T04:57:14.416500Z,2,p,0.527,0.003335
1836,2018-11-18T04:57:14.462500Z,3,p,0.597,0.002203
1837,2018-11-18T04:57:14.470000Z,4,p,0.496,0.002788
1838,2018-11-18T04:57:14.489500Z,5,p,0.471,0.004966
1839,2018-11-18T04:57:14.505500Z,6,p,0.43,0.005828
1840,2018-11-18T04:57:14.548000Z,7,p,0.663,0.001586
1841,2018-11-18T04:57:14.562500Z,8,p,0.575,0.002504
1842,2018-11-18T04:57:14.580500Z,9,p,0.358,0.002267
1843,2018-11-18T04:57:14.632500Z,11,p,0.591,0.002492
1844,2018-11-18T04:57:14.632500Z,12,p,0.521,0.004394
1845,2018-11-18T04:57:14.656500Z,13,p,0.68,0.006187
1846,2018-11-18T04:57:14.758000Z,17,p,0.626,0.00274
1847,2018-11-18T04:57:14.786500Z,18,p,0.477,0.003713
1848,2018-11-18T04:57:14.793500Z,19,p,0.393,0.002188
1849,2018-11-18T04:57:15.022500Z,1,s,0.379,0.001804
1850,2018-11-18T04:57:15.034500Z,2,s,0.483,0.003309
1851,2018-11-18T04:57:15.060000Z,3,s,0.53,0.001864
1852,2018-11-18T04:57:15.086500Z,4,s,0.475,0.002792
1853,2018-11-18T04:57:15.110500Z,5,p,0.589,0.004187
1854,2018-11-18T04:57:15.132500Z,6,s,0.434,0.005466
1855,2018-11-18T04:57:15.166500Z,8,s,0.411,0.002312
1856,2018-11-18T04:57:15.184500Z,9,s,0.371,0.002239
1857,2018-11-18T04:57:15.238500Z,11,s,0.553,0.00261
1858,2018-11-18T04:57:15.254500Z,12,s,0.59,0.004051
1859,2018-11-18T04:57:15.270500Z,13,s,0.629,0.005353
1860,2018-11-18T04:57:15.358000Z,17,s,0.372,0.002548
1861,2018-11-18T04:57:15.384000Z,18,s,0.415,0.003798
1862,2018-11-18T04:57:15.410500Z,19,s,0.615,0.001928
1863,2018-11-18T04:57:15.498500Z,24,s,0.476,0.004582
1864,2018-11-18T04:57:15.709500Z,2,s,0.391,0.001876
1865,2018-11-18T04:57:15.786500Z,5,s,0.486,0.002207
1866,2018-11-18T04:57:15.802500Z,6,s,0.575,0.001932
1867,2018-11-18T04:57:23.674500Z,6,s,0.53,0.001816
1868,2018-11-18T04:57:24.333500Z,8,p,0.411,0.001339
1869,2018-11-18T04:57:24.799500Z,5,s,0.385,0.003424
1870,2018-11-18T04:57:24.824000Z,6,s,0.476,0.004317
1871,2018-11-18T04:57:24.866500Z,8,s,0.563,0.001997
1872,2018-11-18T04:57:24.919500Z,11,s,0.42,0.002145
1873,2018-11-18T04:57:24.946500Z,12,s,0.569,0.003426
1874,2018-11-18T04:57:24.959500Z,13,p,0.302,0.00384
1875,2018-11-18T04:57:25.728500Z,2,s,0.35,0.002634
1876,2018-11-18T04:57:25.749500Z,3,s,0.395,0.001859
1877,2018-11-18T04:57:25.761500Z,4,s,0.367,0.001897
1878,2018-11-18T04:57:25.770000Z,12,p,0.569,0.003027
1879,2018-11-18T04:57:25.790500Z,5,p,0.368,0.003705
1880,2018-11-18T04:57:25.816500Z,6,s,0.596,0.003951
1881,2018-11-18T04:57:25.849500Z,8,s,0.465,0.001994
1882,2018-11-18T04:57:25.936000Z,12,s,0.592,0.003027
1883,2018-11-18T04:57:25.944500Z,13,p,0.404,0.003993
1884,2018-11-18T04:57:26.070500Z,18,s,0.388,0.002786
1885,2018-11-18T04:57:26.182000Z,24,s,0.584,0.003328
1886,2018-11-18T04:57:29.682500Z,6,s,0.361,0.001622
1887,2018-11-18T04:57:30.622500Z,2,s,0.408,0.002107
1888,2018-11-18T04:57:30.690500Z,5,s,0.582,0.003351
1889,2018-11-18T04:57:30.712000Z,6,s,0.575,0.003941
1890,2018-11-18T04:57:30.752500Z,8,s,0.506,0.001695
1891,2018-11-18T04:57:30.806500Z,11,s,0.583,0.002139
1892,2018-11-18T04:57:30.826500Z,12,s,0.391,0.003311
1893,2018-11-18T04:57:30.849000Z,13,s,0.386,0.002488
1894,2018-11-18T04:57:30.947500Z,17,s,0.366,0.002144
1895,2018-11-18T04:57:30.986500Z,19,s,0.374,0.00188
1896,2018-11-18T04:57:31.079500Z,24,s,0.394,0.002967
1897,2018-11-18T04:57:34.400500Z,2,p,0.399,0.001828
1898,2018-11-18T04:57:34.441500Z,4,p,0.362,0.001567
1899,2018-11-18T04:57:34.610500Z,12,s,0.382,0.002433
1900,2018-11-18T04:57:34.618500Z,2,s,0.396,0.001828
1901,2018-11-18T04:57:34.754500Z,18,s,0.48,0.003073
1902,2018-11-18T04:57:35.918500Z,2,s,0.405,0.002043
1903,2018-11-18T04:57:35.978500Z,5,s,0.446,0.00231
1904,2018-11-18T04:57:36.007500Z,6,s,0.564,0.002543
1905,2018-11-18T04:57:36.124500Z,12,s,0.395,0.002075
1906,2018-11-18T04:57:36.138500Z,13,p,0.394,0.002534
1907,2018-11-18T04:57:36.266500Z,18,s,0.363,0.002266
1908,2018-11-18T04:57:36.372000Z,24,s,0.354,0.002527
1909,2018-11-18T04:57:38.023500Z,4,s,0.369,0.001782
1910,2018-11-18T04:57:38.050500Z,5,s,0.629,0.003742
1911,2018-11-18T04:57:38.066500Z,6,s,0.52,0.004294
1912,2018-11-18T04:57:38.108500Z,8,s,0.461,0.002007
1913,2018-11-18T04:57:38.198500Z,12,s,0.454,0.003689
1914,2018-11-18T04:57:38.216500Z,13,s,0.325,0.004272
1915,2018-11-18T04:57:38.330500Z,18,s,0.409,0.003735
1916,2018-11-18T04:57:38.434500Z,24,s,0.365,0.003105
1917,2018-11-18T04:57:41.554500Z,6,s,0.367,0.001957
1918,2018-11-18T04:57:46.912000Z,18,s,0.821,0.004557
1919,2018-11-18T04:58:15.837500Z,5,s,0.766,0.002954
1920,2018-11-18T04:58:17.388000Z,2,p,0.486,0.00352
1921,2018-11-18T04:58:17.408000Z,3,p,0.489,0.002045
1922,2018-11-18T04:58:17.434000Z,4,p,0.568,0.002703
1923,2018-11-18T04:58:17.448500Z,5,p,0.4,0.00388
1924,2018-11-18T04:58:17.482500Z,6,s,0.556,0.004557
1925,2018-11-18T04:58:17.510500Z,8,p,0.462,0.002961
1926,2018-11-18T04:58:17.542500Z,9,p,0.311,0.0024
1927,2018-11-18T04:58:17.558500Z,10,p,0.731,0.00211
1928,2018-11-18T04:58:17.572500Z,11,p,0.428,0.002903
1929,2018-11-18T04:58:17.598500Z,12,s,0.424,0.004545
1930,2018-11-18T04:58:17.622500Z,13,s,0.46,0.005556
1931,2018-11-18T04:58:17.710000Z,17,p,0.435,0.002576
1932,2018-11-18T04:58:18.086500Z,1,s,0.488,0.002363
1933,2018-11-18T04:58:18.097000Z,2,p,0.705,0.005004
1934,2018-11-18T04:58:18.118500Z,3,p,0.307,0.002656
1935,2018-11-18T04:58:18.140000Z,4,p,0.45,0.00314
1936,2018-11-18T04:58:18.142500Z,4,s,0.358,0.00314
1937,2018-11-18T04:58:18.166500Z,5,p,0.622,0.005986
1938,2018-11-18T04:58:18.178000Z,6,p,0.613,0.007463
1939,2018-11-18T04:58:18.199500Z,7,s,0.309,0.001884
1940,2018-11-18T04:58:18.225000Z,8,s,0.384,0.003658
1941,2018-11-18T04:58:18.254500Z,9,s,0.456,0.002555
1942,2018-11-18T04:58:18.279500Z,11,p,0.353,0.00327
1943,2018-11-18T04:58:18.304500Z,12,p,0.39,0.005462
1944,2018-11-18T04:58:18.324000Z,13,p,0.464,0.006849
1945,2018-11-18T04:58:18.662500Z,2,s,0.405,0.001825
1946,2018-11-18T04:58:18.738500Z,5,s,0.383,0.002326
1947,2018-11-18T04:58:51.384000Z,20,p,0.511,0.001722
1948,2018-11-18T04:58:51.653500Z,20,s,0.628,0.001722
1949,2018-11-18T04:59:40.057500Z,23,p,0.373,0.002968
1950,2018-11-18T04:59:40.110500Z,23,s,0.455,0.002968
1951,2018-11-18T04:59:54.827500Z,5,p,0.344,0.002089
1952,2018-11-18T04:59:58.084500Z,12,p,0.623,0.001704
1953,2018-11-18T05:00:03.030500Z,22,s,0.563,0.006367
1954,2018-11-18T05:00:20.988500Z,6,s,0.3,0.002318
1955,2018-11-18T05:00:22.022500Z,24,s,0.32,0.004513
1956,2018-11-18T05:00:43.364500Z,5,p,0.373,0.002806
1957,2018-11-18T05:00:43.477500Z,5,s,0.596,0.002806
1958,2018-11-18T05:00:52.568500Z,24,s,0.788,0.01966
1959,2018-11-18T05:01:13.316500Z,3,s,0.341,0.003959
1960,2018-11-18T05:02:19.931500Z,20,s,0.591,0.003612
1961,2018-11-18T05:02:33.917500Z,17,s,0.674,0.002965
1962,2018-11-18T05:02:51.562000Z,20,p,0.698,0.001918
1963,2018-11-18T05:02:51.847500Z,20,s,0.526,0.001918
1964,2018-11-18T05:03:44.252500Z,19,p,0.368,0.003824
1965,2018-11-18T05:03:44.461500Z,19,s,0.435,0.003824
1966,2018-11-18T05:03:45.083500Z,15,p,0.924,0.05392
1967,2018-11-18T05:03:45.094000Z,15,s,0.597,0.05392
1968,2018-11-18T05:03:48.117500Z,19,p,0.475,0.002414
1969,2018-11-18T05:03:48.249500Z,19,s,0.562,0.002414
1970,2018-11-18T05:04:13.367500Z,24,p,0.589,0.01242
1971,2018-11-18T05:04:13.439500Z,24,s,0.872,0.01242
1972,2018-11-18T05:04:18.160500Z,24,s,0.303,0.004998
1973,2018-11-18T05:04:49.250000Z,1,p,0.616,0.00327
1974,2018-11-18T05:04:49.365000Z,1,s,0.828,0.00327
1975,2018-11-18T05:05:35.694000Z,11,s,0.378,0.004577
1976,2018-11-18T05:05:58.502500Z,21,s,0.379,0.002378
1977,2018-11-18T05:06:15.671500Z,5,p,0.311,0.002991
1978,2018-11-18T05:06:15.820000Z,5,s,0.768,0.002991
1979,2018-11-18T05:06:43.308500Z,20,p,0.567,0.002727
1980,2018-11-18T05:06:43.573000Z,20,s,0.684,0.002727
1981,2018-11-18T05:06:59.430500Z,20,p,0.724,0.002255
1982,2018-11-18T05:06:59.684000Z,20,s,0.706,0.002255
1983,2018-11-18T05:07:00.166000Z,5,s,0.789,0.002946
1984,2018-11-18T05:07:21.576500Z,1,s,0.439,0.002069
1985,2018-11-18T05:07:58.527500Z,19,p,0.516,0.003622
1986,2018-11-18T05:07:58.712500Z,19,s,0.433,0.003622
1987,2018-11-18T05:07:59.439500Z,1,p,0.416,0.003071
1988,2018-11-18T05:07:59.508000Z,1,s,0.686,0.003071
1989,2018-11-18T05:08:11.810500Z,20,s,0.601,0.001727
1990,2018-11-18T05:08:15.911500Z,1,s,0.598,0.002613
1991,2018-11-18T05:09:49.737500Z,12,s,0.356,0.002
1992,2018-11-18T05:10:13.157500Z,1,s,0.521,0.002962
1993,2018-11-18T05:10:29.279500Z,5,s,0.434,0.00219
1994,2018-11-18T05:10:31.073500Z,24,p,0.958,0.006216
1995,2018-11-18T05:10:31.079000Z,23,p,0.978,0.01077
1996,2018-11-18T05:10:31.083000Z,22,p,0.879,0.005015
1997,2018-11-18T05:10:31.089500Z,21,p,0.962,0.005714
1998,2018-11-18T05:10:31.095500Z,20,p,0.972,0.003999
1999,2018-11-18T05:10:31.100500Z,19,p,0.614,0.0023
2000,2018-11-18T05:10:31.106500Z,24,s,0.933,0.006216
2001,2018-11-18T05:10:31.114500Z,23,s,0.952,0.01077
2002,2018-11-18T05:10:31.123500Z,22,s,0.954,0.005015
2003,2018-11-18T05:10:31.131500Z,21,s,0.946,0.005714
2004,2018-11-18T05:10:31.131500Z,16,p,0.308,0.003785
2005,2018-11-18T05:10:31.142000Z,20,s,0.896,0.002606
2006,2018-11-18T05:10:31.149500Z,19,s,0.463,0.001882
2007,2018-11-18T05:10:31.170500Z,17,s,0.709,0.002408
2008,2018-11-18T05:10:31.185000Z,16,s,0.844,0.003785
2009,2018-11-18T05:11:05.373500Z,1,s,0.746,0.003011
2010,2018-11-18T05:12:01.980500Z,20,p,0.514,0.002082
2011,2018-11-18T05:12:02.174000Z,20,s,0.578,0.002082
2012,2018-11-18T05:12:03.158500Z,20,s,0.73,0.002947
2013,2018-11-18T05:12:25.802000Z,24,p,0.852,0.005425
2014,2018-11-18T05:12:25.807500Z,23,p,0.919,0.004506
2015,2018-11-18T05:12:25.814000Z,22,p,0.601,0.003697
2016,2018-11-18T05:12:25.818000Z,21,p,0.882,0.003953
2017,2018-11-18T05:12:25.823500Z,20,p,0.945,0.002522
2018,2018-11-18T05:12:25.826000Z,19,p,0.764,0.001967
2019,2018-11-18T05:12:25.892500Z,24,s,0.932,0.005425
2020,2018-11-18T05:12:25.899500Z,23,s,0.921,0.004506
2021,2018-11-18T05:12:25.903000Z,22,s,0.735,0.003697
2022,2018-11-18T05:12:25.914000Z,21,s,0.841,0.003953
2023,2018-11-18T05:12:25.924000Z,20,s,0.875,0.002522
2024,2018-11-18T05:12:25.931500Z,19,s,0.857,0.001967
2025,2018-11-18T05:12:34.846000Z,24,s,0.489,0.004365
2026,2018-11-18T05:13:15.592500Z,3,s,0.492,0.002832
2027,2018-11-18T05:13:26.126500Z,18,s,0.588,0.003546
2028,2018-11-18T05:13:35.400500Z,2,s,0.733,0.002266
2029,2018-11-18T05:13:36.608500Z,11,s,0.784,0.004485
2030,2018-11-18T05:13:39.841500Z,20,s,0.583,0.003064
2031,2018-11-18T05:13:41.688500Z,5,p,0.449,0.003626
2032,2018-11-18T05:13:41.834500Z,5,s,0.731,0.003626
2033,2018-11-18T05:13:54.829000Z,22,s,0.66,0.002686
2034,2018-11-18T05:14:09.742500Z,5,p,0.335,0.003295
2035,2018-11-18T05:14:09.904500Z,5,s,0.631,0.003295
2036,2018-11-18T05:14:10.800000Z,13,p,0.376,0.002302
2037,2018-11-18T05:14:12.960500Z,16,p,0.494,0.00302
2038,2018-11-18T05:14:13.086000Z,16,s,0.513,0.001468
2039,2018-11-18T05:14:45.794500Z,20,s,0.778,0.001893
2040,2018-11-18T05:15:14.209500Z,2,s,0.607,0.003526
2041,2018-11-18T05:15:43.211500Z,5,s,0.333,0.001901
2042,2018-11-18T05:15:52.854000Z,13,s,0.775,0.002748
2043,2018-11-18T05:15:52.876500Z,12,s,0.552,0.002646
2044,2018-11-18T05:15:52.897500Z,11,s,0.526,0.002707
2045,2018-11-18T05:15:55.649500Z,13,s,0.548,0.002291
2046,2018-11-18T05:16:23.253500Z,23,s,0.623,0.002331
2047,2018-11-18T05:16:43.533500Z,13,p,0.419,0.006373
2048,2018-11-18T05:16:43.600000Z,13,s,0.607,0.006373
2049,2018-11-18T05:17:05.400000Z,20,s,0.76,0.003046
2050,2018-11-18T05:18:02.251500Z,20,s,0.327,0.001688
2051,2018-11-18T05:18:21.912000Z,20,p,0.387,0.001887
2052,2018-11-18T05:18:22.126000Z,20,s,0.58,0.001887
2053,2018-11-18T05:18:27.804000Z,13,s,0.397,0.002422
2054,2018-11-18T05:18:39.333500Z,24,s,0.332,0.006165
2055,2018-11-18T05:18:44.021500Z,10,s,0.307,0.002149
2056,2018-11-18T05:19:12.639500Z,22,p,0.419,0.002209
2057,2018-11-18T05:19:12.777500Z,22,s,0.374,0.001969
2058,2018-11-18T05:19:24.831000Z,18,s,0.631,0.002637
2059,2018-11-18T05:19:33.606500Z,22,s,0.576,0.004608
2060,2018-11-18T05:21:02.405500Z,8,s,0.507,0.002087
2061,2018-11-18T05:21:23.565500Z,22,s,0.366,0.003163
2062,2018-11-18T05:21:51.124000Z,11,s,0.839,0.003502
2063,2018-11-18T05:21:57.227500Z,20,s,0.494,0.002026
2064,2018-11-18T05:22:10.798500Z,20,s,0.787,0.002672
2065,2018-11-18T05:22:13.687000Z,5,s,0.735,0.003075
2066,2018-11-18T05:22:16.235500Z,5,s,0.646,0.003553
2067,2018-11-18T05:22:48.835500Z,6,p,0.325,0.00211
2068,2018-11-18T05:22:52.484000Z,6,s,0.703,0.00239
2069,2018-11-18T05:22:54.014000Z,20,p,0.36,0.001705
2070,2018-11-18T05:22:54.058500Z,23,p,0.661,0.001575
2071,2018-11-18T05:22:54.181500Z,24,s,0.755,0.002748
2072,2018-11-18T05:22:54.189500Z,23,s,0.595,0.001575
2073,2018-11-18T05:22:54.197500Z,22,s,0.484,0.001726
2074,2018-11-18T05:22:54.214500Z,20,s,0.336,0.001705
2075,2018-11-18T05:23:12.366500Z,6,s,0.38,0.002891
2076,2018-11-18T05:23:12.478500Z,11,s,0.353,0.001555
2077,2018-11-18T05:24:16.456500Z,2,p,0.443,0.002784
2078,2018-11-18T05:24:16.482500Z,3,p,0.346,0.00167
2079,2018-11-18T05:24:16.505500Z,4,s,0.354,0.002395
2080,2018-11-18T05:24:16.533500Z,5,p,0.758,0.00382
2081,2018-11-18T05:24:16.546000Z,6,p,0.41,0.004093
2082,2018-11-18T05:24:16.594500Z,8,s,0.343,0.0019
2083,2018-11-18T05:24:16.666500Z,12,p,0.487,0.003263
2084,2018-11-18T05:24:16.694500Z,13,p,0.674,0.00389
2085,2018-11-18T05:24:16.775500Z,17,s,0.321,0.001899
2086,2018-11-18T05:24:16.919500Z,24,s,0.304,0.003446
2087,2018-11-18T05:24:28.598000Z,5,p,0.356,0.001936
2088,2018-11-18T05:24:28.610500Z,6,s,0.39,0.001909
2089,2018-11-18T05:24:32.010500Z,2,s,0.559,0.001797
2090,2018-11-18T05:24:32.068000Z,5,s,0.481,0.002599
2091,2018-11-18T05:24:32.078500Z,6,s,0.559,0.003324
2092,2018-11-18T05:24:32.126000Z,8,s,0.483,0.001674
2093,2018-11-18T05:24:32.196000Z,12,s,0.311,0.002412
2094,2018-11-18T05:24:32.214500Z,13,s,0.319,0.003009
2095,2018-11-18T05:24:32.350500Z,18,s,0.352,0.003164
2096,2018-11-18T05:24:32.517500Z,13,s,0.816,0.002088
2097,2018-11-18T05:24:32.537500Z,12,s,0.467,0.001956
2098,2018-11-18T05:24:34.111500Z,2,p,0.311,0.001728
2099,2018-11-18T05:24:34.224500Z,6,s,0.515,0.002981
2100,2018-11-18T05:24:34.242500Z,24,p,0.302,0.003173
2101,2018-11-18T05:24:34.337000Z,12,s,0.343,0.002108
2102,2018-11-18T05:24:34.350500Z,13,p,0.471,0.002449
2103,2018-11-18T05:24:34.484000Z,18,s,0.484,0.002977
2104,2018-11-18T05:24:34.576000Z,24,s,0.468,0.003173
2105,2018-11-18T05:24:37.383500Z,2,s,0.397,0.002197
2106,2018-11-18T05:24:37.416000Z,4,p,0.409,0.00187
2107,2018-11-18T05:24:37.456500Z,5,s,0.323,0.002653
2108,2018-11-18T05:24:37.462500Z,6,s,0.358,0.003006
2109,2018-11-18T05:24:37.516000Z,8,s,0.491,0.001891
2110,2018-11-18T05:24:37.591500Z,12,s,0.328,0.00281
2111,2018-11-18T05:24:37.608500Z,13,p,0.559,0.003484
2112,2018-11-18T05:24:40.231000Z,20,s,0.555,0.002404
2113,2018-11-18T05:24:46.587500Z,24,s,0.649,0.005038
2114,2018-11-18T05:24:47.952500Z,2,p,0.331,0.001764
2115,2018-11-18T05:24:47.958500Z,2,s,0.333,0.001764
2116,2018-11-18T05:24:48.024500Z,5,s,0.633,0.002325
2117,2018-11-18T05:24:48.046500Z,6,s,0.546,0.003003
2118,2018-11-18T05:24:48.160000Z,12,s,0.355,0.002508
2119,2018-11-18T05:24:48.271500Z,17,s,0.334,0.001396
2120,2018-11-18T05:25:09.548000Z,2,p,0.42,0.002967
2121,2018-11-18T05:25:09.638000Z,2,s,0.626,0.002967
2122,2018-11-18T05:25:23.799500Z,5,s,0.358,0.002494
2123,2018-11-18T05:25:23.838500Z,13,p,0.425,0.002623
2124,2018-11-18T05:25:25.303500Z,2,s,0.327,0.001737
2125,2018-11-18T05:25:25.366500Z,5,s,0.392,0.002081
2126,2018-11-18T05:25:25.382500Z,6,s,0.388,0.00248
2127,2018-11-18T05:26:10.853500Z,5,p,0.309,0.001927
2128,2018-11-18T05:26:15.419500Z,4,s,0.602,0.007014
2129,2018-11-18T05:26:18.624500Z,3,s,0.731,0.003551
2130,2018-11-18T05:26:29.096500Z,23,s,0.649,0.002099
2131,2018-11-18T05:26:51.477500Z,19,s,0.473,0.002384
2132,2018-11-18T05:27:01.662500Z,20,s,0.609,0.00168
2133,2018-11-18T05:27:49.512500Z,20,s,0.31,0.003562
2134,2018-11-18T05:28:46.868000Z,5,p,0.363,0.002041
2135,2018-11-18T05:28:47.014500Z,13,p,0.35,0.001779
2136,2018-11-18T05:28:57.432500Z,5,s,0.69,0.002967
2137,2018-11-18T05:29:11.445500Z,17,p,0.668,0.002021
2138,2018-11-18T05:29:11.879500Z,17,s,0.369,0.002021
2139,2018-11-18T05:29:18.529500Z,23,s,0.878,0.01355
2140,2018-11-18T05:29:38.968500Z,22,s,0.338,0.004698
2141,2018-11-18T05:30:03.240500Z,11,s,0.767,0.004057
2142,2018-11-18T05:30:27.005500Z,13,s,0.576,0.002977
2143,2018-11-18T05:31:00.244000Z,24,s,0.512,0.004554
2144,2018-11-18T05:31:51.505500Z,19,s,0.33,0.004084
2145,2018-11-18T05:31:58.423500Z,19,p,0.389,0.003609
2146,2018-11-18T05:31:58.520500Z,19,s,0.323,0.003609
2147,2018-11-18T05:32:14.465000Z,20,s,0.802,0.002637
2148,2018-11-18T05:33:50.467500Z,10,p,0.971,0.01146
2149,2018-11-18T05:33:50.470000Z,9,p,0.934,0.0124
2150,2018-11-18T05:33:50.507000Z,10,s,0.856,0.01146
2151,2018-11-18T05:33:50.509500Z,9,s,0.937,0.0124
2152,2018-11-18T05:33:54.631500Z,9,p,0.562,0.0268
2153,2018-11-18T05:33:54.643000Z,10,p,0.771,0.02213
2154,2018-11-18T05:33:54.655000Z,10,s,0.825,0.02213
2155,2018-11-18T05:33:54.656000Z,9,s,0.918,0.0268
2156,2018-11-18T05:34:30.075500Z,5,s,0.821,0.002953
2157,2018-11-18T05:35:12.806500Z,18,p,0.484,0.002582
2158,2018-11-18T05:35:12.942000Z,18,s,0.693,0.002582
2159,2018-11-18T05:36:02.432500Z,8,s,0.332,0.002966
2160,2018-11-18T05:37:02.829500Z,24,s,0.611,0.006253
2161,2018-11-18T05:37:31.658000Z,5,p,0.499,0.002476
2162,2018-11-18T05:37:31.846500Z,5,s,0.734,0.002476
2163,2018-11-18T05:37:32.848500Z,23,p,0.389,0.003099
2164,2018-11-18T05:37:32.961000Z,23,s,0.748,0.003099
2165,2018-11-18T05:37:33.578500Z,20,s,0.692,0.003077
2166,2018-11-18T05:37:57.294000Z,19,s,0.572,0.002309
2167,2018-11-18T05:38:15.612000Z,11,s,0.747,0.003945
2168,2018-11-18T05:38:20.556000Z,20,s,0.549,0.001714
2169,2018-11-18T05:41:25.237500Z,20,s,0.527,0.002675
2170,2018-11-18T05:41:38.461500Z,22,s,0.507,0.002224
2171,2018-11-18T05:41:49.013500Z,5,s,0.761,0.00296
2172,2018-11-18T05:42:24.770000Z,20,s,0.856,0.003041
2173,2018-11-18T05:42:27.073500Z,20,s,0.321,0.001872
2174,2018-11-18T05:42:32.733500Z,1,s,0.821,0.001481
2175,2018-11-18T05:42:49.341500Z,5,s,0.788,0.00313
2176,2018-11-18T05:43:55.280500Z,1,s,0.618,0.002369
2177,2018-11-18T05:44:59.441500Z,5,s,0.618,0.002696
2178,2018-11-18T05:45:08.140000Z,20,s,0.577,0.001821
2179,2018-11-18T05:46:16.571000Z,16,p,0.647,0.006671
2180,2018-11-18T05:46:16.582000Z,16,s,0.543,0.006671
2181,2018-11-18T05:46:16.596500Z,17,s,0.447,0.004193
2182,2018-11-18T05:46:16.614000Z,13,s,0.902,0.009924
2183,2018-11-18T05:46:16.633500Z,12,s,0.525,0.006689
2184,2018-11-18T05:46:46.741500Z,11,s,0.766,0.003527
2185,2018-11-18T05:47:37.812000Z,20,p,0.516,0.002623
2186,2018-11-18T05:47:38.186500Z,20,s,0.772,0.002623
2187,2018-11-18T05:47:41.842500Z,20,s,0.626,0.001944
2188,2018-11-18T05:48:39.637500Z,19,s,0.329,0.004897
2189,2018-11-18T05:49:03.125500Z,20,s,0.626,0.001695
2190,2018-11-18T05:49:27.068000Z,24,s,0.792,0.005788
2191,2018-11-18T05:49:51.869500Z,22,s,0.635,0.002544
2192,2018-11-18T05:50:17.404000Z,20,s,0.598,0.001638
2193,2018-11-18T05:51:44.756500Z,20,s,0.403,0.06968
2194,2018-11-18T05:51:44.758000Z,20,p,0.633,0.06968
2195,2018-11-18T05:51:52.138000Z,5,s,0.76,0.003215
2196,2018-11-18T05:53:14.298500Z,20,s,0.627,0.003039
2197,2018-11-18T05:53:33.380500Z,23,p,0.395,0.002645
2198,2018-11-18T05:53:33.488500Z,23,s,0.716,0.002645
2199,2018-11-18T05:53:34.197500Z,22,p,0.347,0.004882
2200,2018-11-18T05:54:06.272500Z,17,s,0.831,0.004426
2201,2018-11-18T05:54:37.630500Z,4,s,0.534,0.002585
2202,2018-11-18T05:55:01.588000Z,11,s,0.815,0.003949
2203,2018-11-18T05:55:11.321500Z,20,s,0.442,0.00188
2204,2018-11-18T05:55:34.339500Z,24,s,0.492,0.005495
2205,2018-11-18T05:56:29.822500Z,20,p,0.556,0.001624
2206,2018-11-18T05:56:30.082000Z,20,s,0.557,0.001559
2207,2018-11-18T05:56:33.191500Z,23,s,0.492,0.003916
2208,2018-11-18T05:56:49.573500Z,24,s,0.54,0.002117
2209,2018-11-18T05:57:32.476500Z,20,s,0.697,0.002587
2210,2018-11-18T05:58:39.627500Z,24,p,0.978,0.01425
2211,2018-11-18T05:58:39.630500Z,23,p,0.95,0.01288
2212,2018-11-18T05:58:39.637000Z,22,p,0.964,0.006539
2213,2018-11-18T05:58:39.639500Z,21,p,0.936,0.00345
2214,2018-11-18T05:58:39.643000Z,20,p,0.809,0.005163
2215,2018-11-18T05:58:39.649500Z,19,p,0.899,0.002655
2216,2018-11-18T05:58:39.657500Z,17,p,0.565,0.001862
2217,2018-11-18T05:58:39.667000Z,16,p,0.928,0.002401
2218,2018-11-18T05:58:39.683000Z,13,p,0.923,0.003779
2219,2018-11-18T05:58:39.687500Z,12,p,0.909,0.002041
2220,2018-11-18T05:58:39.695500Z,10,p,0.696,0.001631
2221,2018-11-18T05:58:39.706500Z,24,s,0.961,0.01425
2222,2018-11-18T05:58:39.713500Z,23,s,0.958,0.01288
2223,2018-11-18T05:58:39.720500Z,22,s,0.943,0.006539
2224,2018-11-18T05:58:39.729000Z,21,s,0.846,0.00345
2225,2018-11-18T05:58:39.731500Z,4,p,0.912,0.001716
2226,2018-11-18T05:58:39.736000Z,20,s,0.921,0.005163
2227,2018-11-18T05:58:39.744500Z,19,s,0.918,0.00252
2228,2018-11-18T05:58:39.760500Z,17,s,0.49,0.001862
2229,2018-11-18T05:58:39.774000Z,16,s,0.744,0.002401
2230,2018-11-18T05:58:39.781500Z,15,s,0.446,0.002675
2231,2018-11-18T05:58:39.792500Z,14,s,0.382,0.0029
2232,2018-11-18T05:58:39.800500Z,13,s,0.871,0.003779
2233,2018-11-18T05:58:39.807000Z,12,s,0.741,0.001831
2234,2018-11-18T05:58:39.821500Z,11,s,0.407,0.001965
2235,2018-11-18T05:58:39.837500Z,10,s,0.475,0.001631
2236,2018-11-18T05:58:39.874500Z,4,s,0.63,0.001362
2237,2018-11-18T05:59:55.328500Z,20,s,0.518,0.001741
2238,2018-11-18T06:00:50.178500Z,5,s,0.596,0.002962
2239,2018-11-18T06:02:02.509500Z,15,s,0.466,0.008695
2240,2018-11-18T06:02:06.527500Z,20,s,0.331,0.002096
2241,2018-11-18T06:03:03.858000Z,20,s,0.802,0.00271
2242,2018-11-18T06:03:22.435500Z,22,s,0.562,0.006434
2243,2018-11-18T06:03:33.581500Z,22,s,0.362,0.002861
2244,2018-11-18T06:03:41.958000Z,5,p,0.786,0.003745
2245,2018-11-18T06:03:42.087000Z,5,s,0.909,0.003745
2246,2018-11-18T06:03:56.257500Z,1,s,0.514,0.002814
2247,2018-11-18T06:05:15.918500Z,11,p,0.596,0.004222
2248,2018-11-18T06:05:16.017000Z,11,s,0.861,0.004222
2249,2018-11-18T06:05:30.036500Z,22,s,0.623,0.005002
2250,2018-11-18T06:06:00.613500Z,23,s,0.397,0.002216
2251,2018-11-18T06:06:17.252500Z,24,p,0.601,0.02076
2252,2018-11-18T06:06:17.323500Z,24,s,0.81,0.02076
2253,2018-11-18T06:06:17.343500Z,23,s,0.573,0.004099
2254,2018-11-18T06:06:17.364500Z,22,s,0.348,0.005279
2255,2018-11-18T06:06:17.996000Z,24,s,0.446,0.003088
2256,2018-11-18T06:06:18.500500Z,24,p,0.597,0.00559
2257,2018-11-18T06:06:18.779500Z,24,p,0.337,0.02653
2258,2018-11-18T06:06:18.810000Z,24,s,0.899,0.02653
2259,2018-11-18T06:06:18.829500Z,23,s,0.643,0.005805
2260,2018-11-18T06:06:18.852000Z,22,s,0.341,0.007212
2261,2018-11-18T06:06:18.870500Z,21,s,0.613,0.002666
2262,2018-11-18T06:06:18.946000Z,17,p,0.39,0.002498
2263,2018-11-18T06:06:19.035500Z,13,s,0.815,0.002147
2264,2018-11-18T06:06:19.219500Z,24,p,0.347,0.004006
2265,2018-11-18T06:06:19.480500Z,24,s,0.814,0.004006
2266,2018-11-18T06:06:19.522500Z,22,s,0.414,0.001585
2267,2018-11-18T06:06:19.707500Z,13,p,0.492,0.001658
2268,2018-11-18T06:07:47.967000Z,20,s,0.791,0.0029
2269,2018-11-18T06:07:48.739500Z,5,s,0.479,0.002019
2270,2018-11-18T06:07:57.173500Z,24,s,0.674,0.005506
2271,2018-11-18T06:08:15.660000Z,19,p,0.417,0.002069
2272,2018-11-18T06:08:15.770000Z,19,s,0.606,0.002069
2273,2018-11-18T06:09:01.588500Z,3,s,0.4,0.003155
2274,2018-11-18T06:09:03.933500Z,4,s,0.546,0.005454
2275,2018-11-18T06:09:27.705000Z,15,p,0.739,0.02784
2276,2018-11-18T06:09:27.707000Z,15,s,0.312,0.02784
2277,2018-11-18T06:10:08.850500Z,18,s,0.532,0.002885
2278,2018-11-18T06:11:10.291000Z,15,p,0.616,0.0113
2279,2018-11-18T06:11:12.272500Z,19,p,0.522,0.003089
2280,2018-11-18T06:11:37.610500Z,5,s,0.632,0.004017
2281,2018-11-18T06:11:44.390500Z,1,s,0.654,0.002088
2282,2018-11-18T06:12:26.552500Z,11,s,0.695,0.004088
2283,2018-11-18T06:12:59.938000Z,20,p,0.398,0.002369
2284,2018-11-18T06:13:00.166000Z,20,s,0.845,0.002369
2285,2018-11-18T06:13:59.270500Z,5,s,0.582,0.002241
2286,2018-11-18T06:14:04.439500Z,24,p,0.351,0.005069
2287,2018-11-18T06:14:04.511000Z,24,s,0.896,0.005069
2288,2018-11-18T06:14:19.295500Z,15,s,0.597,0.01298
2289,2018-11-18T06:14:43.280000Z,21,s,0.668,0.009814
2290,2018-11-18T06:14:43.284000Z,22,s,0.624,0.01014
2291,2018-11-18T06:14:44.784000Z,21,p,0.721,0.002838
2292,2018-11-18T06:14:44.890000Z,21,s,0.58,0.02973
2293,2018-11-18T06:14:44.891500Z,21,p,0.3,0.02973
2294,2018-11-18T06:14:44.892500Z,22,s,0.452,0.03282
2295,2018-11-18T06:14:45.205500Z,21,p,0.853,0.02558
2296,2018-11-18T06:14:45.208500Z,22,p,0.939,0.0278
2297,2018-11-18T06:14:45.232000Z,21,s,0.885,0.02558
2298,2018-11-18T06:14:45.235000Z,22,s,0.943,0.0278
2299,2018-11-18T06:14:47.523500Z,21,p,0.762,0.005924
2300,2018-11-18T06:14:47.554000Z,21,s,0.623,0.005924
2301,2018-11-18T06:14:48.805500Z,21,p,0.735,0.004339
2302,2018-11-18T06:14:48.808500Z,22,p,0.324,0.00414
2303,2018-11-18T06:14:49.887500Z,21,s,0.423,0.003649
2304,2018-11-18T06:15:38.858000Z,11,s,0.376,0.005418
2305,2018-11-18T06:15:38.861500Z,12,s,0.602,0.005289
2306,2018-11-18T06:16:53.383500Z,22,p,0.708,0.005399
2307,2018-11-18T06:16:53.483500Z,22,s,0.591,0.005399
2308,2018-11-18T06:17:55.463500Z,5,p,0.59,0.00325
2309,2018-11-18T06:17:55.585000Z,5,s,0.664,0.00325
2310,2018-11-18T06:18:37.017000Z,20,s,0.789,0.003515
2311,2018-11-18T06:18:48.986000Z,19,s,0.732,0.002152
2312,2018-11-18T06:19:11.841500Z,5,s,0.861,0.00337
2313,2018-11-18T06:19:58.446500Z,20,s,0.583,0.001746
2314,2018-11-18T06:20:08.988500Z,24,p,0.486,0.004428
2315,2018-11-18T06:20:09.123500Z,24,s,0.593,0.004428
2316,2018-11-18T06:20:10.836000Z,17,s,0.371,0.003667
2317,2018-11-18T06:20:33.385500Z,11,p,0.419,0.003908
2318,2018-11-18T06:20:33.516500Z,11,s,0.669,0.003908
2319,2018-11-18T06:20:36.686500Z,23,p,0.304,0.002745
2320,2018-11-18T06:20:36.789500Z,23,s,0.76,0.002745
2321,2018-11-18T06:20:43.925500Z,5,p,0.432,0.002807
2322,2018-11-18T06:20:44.015500Z,5,s,0.453,0.002807
2323,2018-11-18T06:21:03.996000Z,22,p,0.617,0.002096
2324,2018-11-18T06:21:04.115000Z,22,s,0.751,0.002096
2325,2018-11-18T06:21:34.210000Z,8,p,0.617,0.002803
2326,2018-11-18T06:21:34.337000Z,8,s,0.758,0.002803
2327,2018-11-18T06:22:48.287500Z,23,s,0.388,0.001957
2328,2018-11-18T06:22:55.630500Z,20,s,0.805,0.002455
2329,2018-11-18T06:22:57.202500Z,20,s,0.641,0.001871
2330,2018-11-18T06:23:15.377500Z,1,s,0.755,0.002586
2331,2018-11-18T06:23:52.319000Z,17,s,0.871,0.007946
2332,2018-11-18T06:24:21.190000Z,20,p,0.442,0.002087
2333,2018-11-18T06:24:21.416000Z,20,s,0.658,0.002087
2334,2018-11-18T06:25:01.818000Z,5,s,0.783,0.003621
2335,2018-11-18T06:25:23.347500Z,16,s,0.527,0.001569
2336,2018-11-18T06:25:35.981500Z,8,s,0.318,0.003458
2337,2018-11-18T06:25:39.696000Z,20,p,0.549,0.001899
2338,2018-11-18T06:25:39.914000Z,20,s,0.601,0.001899
2339,2018-11-18T06:25:47.902000Z,22,s,0.403,0.004977
2340,2018-11-18T06:26:10.952500Z,24,s,0.51,0.00453
2341,2018-11-18T06:26:54.174000Z,20,s,0.651,0.001694
2342,2018-11-18T06:27:01.510500Z,24,p,0.569,0.004355
2343,2018-11-18T06:27:01.546000Z,23,p,0.486,0.003418
2344,2018-11-18T06:27:01.560500Z,22,p,0.447,0.003109
2345,2018-11-18T06:27:01.562000Z,21,p,0.824,0.004271
2346,2018-11-18T06:27:01.566000Z,20,p,0.71,0.002669
2347,2018-11-18T06:27:01.630000Z,24,s,0.833,0.004355
2348,2018-11-18T06:27:01.637500Z,23,s,0.703,0.003418
2349,2018-11-18T06:27:01.653500Z,21,s,0.844,0.004271
2350,2018-11-18T06:27:01.661000Z,20,s,0.868,0.002669
2351,2018-11-18T06:27:01.668500Z,19,s,0.312,0.001671
2352,2018-11-18T06:27:07.436000Z,22,s,0.722,0.002199
2353,2018-11-18T06:28:11.651500Z,11,s,0.72,0.004111
2354,2018-11-18T06:28:12.016000Z,20,p,0.558,0.001693
2355,2018-11-18T06:28:12.238000Z,20,s,0.599,0.001693
2356,2018-11-18T06:28:20.925000Z,20,s,0.867,0.002973
2357,2018-11-18T06:28:24.045500Z,18,s,0.393,0.00355
2358,2018-11-18T06:29:14.692000Z,3,s,0.572,0.00284
2359,2018-11-18T06:29:18.783500Z,20,s,0.438,0.001792
2360,2018-11-18T06:29:25.944500Z,23,s,0.481,0.002498
2361,2018-11-18T06:30:28.755500Z,5,s,0.842,0.002973
2362,2018-11-18T06:31:35.148500Z,23,s,0.668,0.003552
2363,2018-11-18T06:31:45.938000Z,20,s,0.82,0.002251
2364,2018-11-18T06:32:27.421500Z,24,s,0.726,0.004062
2365,2018-11-18T06:32:40.001500Z,20,p,0.404,0.001928
2366,2018-11-18T06:32:40.232500Z,20,s,0.584,0.001928
2367,2018-11-18T06:33:08.771500Z,24,p,0.974,0.01206
2368,2018-11-18T06:33:08.776000Z,23,p,0.977,0.01713
2369,2018-11-18T06:33:08.780000Z,22,p,0.962,0.01232
2370,2018-11-18T06:33:08.785000Z,21,p,0.699,0.007819
2371,2018-11-18T06:33:08.789000Z,20,p,0.974,0.008226
2372,2018-11-18T06:33:08.795000Z,19,p,0.97,0.007122
2373,2018-11-18T06:33:08.800000Z,18,p,0.896,0.008931
2374,2018-11-18T06:33:08.804000Z,17,p,0.738,0.00377
2375,2018-11-18T06:33:08.811000Z,16,p,0.948,0.007309
2376,2018-11-18T06:33:08.812000Z,15,s,0.546,0.00233
2377,2018-11-18T06:33:08.826000Z,13,s,0.413,0.00261
2378,2018-11-18T06:33:08.829500Z,13,p,0.3,0.00261
2379,2018-11-18T06:33:08.836000Z,11,p,0.625,0.0016
2380,2018-11-18T06:33:08.836000Z,24,s,0.937,0.01206
2381,2018-11-18T06:33:08.844500Z,23,s,0.949,0.009295
2382,2018-11-18T06:33:08.851500Z,22,s,0.931,0.005892
2383,2018-11-18T06:33:08.868000Z,20,s,0.863,0.00319
2384,2018-11-18T06:33:08.875000Z,19,s,0.892,0.00186
2385,2018-11-18T06:33:08.884000Z,18,s,0.781,0.003917
2386,2018-11-18T06:33:08.904000Z,16,s,0.699,0.002381
2387,2018-11-18T06:33:10.141500Z,20,p,0.324,0.002735
2388,2018-11-18T06:33:10.242000Z,20,s,0.851,0.002735
2389,2018-11-18T06:34:50.517000Z,10,s,0.33,0.003201
2390,2018-11-18T06:35:10.133500Z,5,s,0.561,0.002062
2391,2018-11-18T06:35:32.613500Z,20,s,0.567,0.001737
2392,2018-11-18T06:35:45.068500Z,17,s,0.664,0.003689
2393,2018-11-18T06:35:59.931500Z,5,p,0.466,0.002879
2394,2018-11-18T06:36:00.041000Z,5,s,0.788,0.002879
2395,2018-11-18T06:36:57.364000Z,11,p,0.314,0.003986
2396,2018-11-18T06:36:57.476000Z,11,s,0.695,0.003986
2397,2018-11-18T06:36:58.924000Z,23,s,0.641,0.003093
2398,2018-11-18T06:37:48.692500Z,22,s,0.418,0.004452
2399,2018-11-18T06:38:24.432500Z,20,s,0.717,0.002612
2400,2018-11-18T06:39:38.196000Z,20,p,0.436,0.001767
2401,2018-11-18T06:39:38.354500Z,20,s,0.598,0.001767
2402,2018-11-18T06:40:05.803500Z,5,s,0.406,0.00196
2403,2018-11-18T06:42:12.501000Z,24,p,0.979,0.03588
2404,2018-11-18T06:42:12.506000Z,23,p,0.979,0.04366
2405,2018-11-18T06:42:12.512000Z,22,p,0.968,0.02724
2406,2018-11-18T06:42:12.517500Z,21,p,0.977,0.01829
2407,2018-11-18T06:42:12.523000Z,20,p,0.954,0.01669
2408,2018-11-18T06:42:12.529500Z,19,p,0.982,0.00915
2409,2018-11-18T06:42:12.535000Z,18,p,0.969,0.01231
2410,2018-11-18T06:42:12.541000Z,17,p,0.977,0.01106
2411,2018-11-18T06:42:12.546000Z,16,p,0.977,0.01154
2412,2018-11-18T06:42:12.552000Z,15,p,0.971,0.007474
2413,2018-11-18T06:42:12.559000Z,14,p,0.981,0.006625
2414,2018-11-18T06:42:12.565500Z,13,p,0.979,0.008696
2415,2018-11-18T06:42:12.571500Z,12,p,0.982,0.008053
2416,2018-11-18T06:42:12.576000Z,11,p,0.974,0.007168
2417,2018-11-18T06:42:12.581500Z,10,p,0.98,0.006165
2418,2018-11-18T06:42:12.588000Z,9,p,0.971,0.004611
2419,2018-11-18T06:42:12.594000Z,8,p,0.976,0.006688
2420,2018-11-18T06:42:12.599000Z,24,s,0.873,0.01862
2421,2018-11-18T06:42:12.599500Z,7,p,0.962,0.004753
2422,2018-11-18T06:42:12.604500Z,6,p,0.968,0.00398
2423,2018-11-18T06:42:12.609500Z,5,p,0.884,0.003061
2424,2018-11-18T06:42:12.610500Z,23,s,0.932,0.04072
2425,2018-11-18T06:42:12.615500Z,4,p,0.924,0.004407
2426,2018-11-18T06:42:12.619000Z,22,s,0.933,0.02078
2427,2018-11-18T06:42:12.621500Z,3,p,0.929,0.003202
2428,2018-11-18T06:42:12.627000Z,2,p,0.929,0.002959
2429,2018-11-18T06:42:12.628500Z,21,s,0.927,0.01168
2430,2018-11-18T06:42:12.630500Z,1,p,0.614,0.002851
2431,2018-11-18T06:42:12.640000Z,20,s,0.65,0.01669
2432,2018-11-18T06:42:12.647500Z,19,s,0.956,0.00915
2433,2018-11-18T06:42:12.657000Z,18,s,0.926,0.01068
2434,2018-11-18T06:42:12.665000Z,17,s,0.851,0.007317
2435,2018-11-18T06:42:12.678500Z,16,s,0.78,0.01154
2436,2018-11-18T06:42:12.688000Z,15,s,0.843,0.007474
2437,2018-11-18T06:42:12.698500Z,14,s,0.825,0.006625
2438,2018-11-18T06:42:12.709500Z,13,s,0.826,0.007793
2439,2018-11-18T06:42:12.717000Z,12,s,0.875,0.006061
2440,2018-11-18T06:42:12.728000Z,11,s,0.857,0.007168
2441,2018-11-18T06:42:12.740500Z,10,s,0.91,0.006165
2442,2018-11-18T06:42:12.748500Z,9,s,0.868,0.004465
2443,2018-11-18T06:42:12.759000Z,8,s,0.881,0.004468
2444,2018-11-18T06:42:12.767000Z,7,s,0.95,0.004753
2445,2018-11-18T06:42:12.776000Z,6,s,0.858,0.002773
2446,2018-11-18T06:42:12.785000Z,5,s,0.718,0.002733
2447,2018-11-18T06:42:12.794500Z,4,s,0.757,0.003723
2448,2018-11-18T06:42:12.808000Z,3,s,0.613,0.003202
2449,2018-11-18T06:42:12.816000Z,2,s,0.437,0.002959
2450,2018-11-18T06:42:12.828500Z,1,s,0.615,0.002851
2451,2018-11-18T06:42:30.884500Z,1,s,0.701,0.002559
2452,2018-11-18T06:42:33.081000Z,5,s,0.844,0.002918
2453,2018-11-18T06:43:41.717500Z,20,s,0.517,0.001923
2454,2018-11-18T06:44:04.931500Z,20,s,0.637,0.003512
2455,2018-11-18T06:44:58.207500Z,24,s,0.484,0.005964
2456,2018-11-18T06:45:10.029500Z,17,s,0.685,0.004145
2457,2018-11-18T06:45:11.518500Z,23,s,0.301,0.002525
2458,2018-11-18T06:45:44.300500Z,19,p,0.319,0.002593
2459,2018-11-18T06:45:44.428000Z,19,s,0.657,0.002593
2460,2018-11-18T06:45:51.950500Z,5,p,0.788,0.002141
2461,2018-11-18T06:45:52.034000Z,5,s,0.668,0.002141
2462,2018-11-18T06:45:59.053500Z,10,s,0.83,0.001855
2463,2018-11-18T06:46:05.354500Z,11,s,0.473,0.004182
2464,2018-11-18T06:46:05.601500Z,8,s,0.527,0.003041
2465,2018-11-18T06:46:38.722500Z,20,s,0.39,0.001674
2466,2018-11-18T06:47:07.557500Z,2,s,0.579,0.003106
2467,2018-11-18T06:47:43.752500Z,23,s,0.567,0.002104
2468,2018-11-18T06:48:05.179500Z,22,s,0.369,0.002036
2469,2018-11-18T06:48:26.434000Z,20,s,0.787,0.002429
2470,2018-11-18T06:49:20.901500Z,5,s,0.726,0.00324
2471,2018-11-18T06:49:53.410000Z,4,s,0.486,0.006179
2472,2018-11-18T06:51:38.410500Z,6,s,0.304,0.002258
2473,2018-11-18T06:52:33.473500Z,5,s,0.321,0.002482
2474,2018-11-18T06:52:51.036000Z,3,p,0.348,0.003012
2475,2018-11-18T06:52:51.154000Z,3,s,0.727,0.003012
2476,2018-11-18T06:52:55.210500Z,19,p,0.367,0.004324
2477,2018-11-18T06:52:55.338000Z,19,s,0.63,0.004324
2478,2018-11-18T06:53:11.159500Z,24,p,0.942,0.01191
2479,2018-11-18T06:53:11.162000Z,23,p,0.917,0.01026
2480,2018-11-18T06:53:11.169000Z,22,p,0.85,0.008956
2481,2018-11-18T06:53:11.175500Z,21,p,0.938,0.01307
2482,2018-11-18T06:53:11.175500Z,20,p,0.844,0.006546
2483,2018-11-18T06:53:11.182500Z,14,p,0.339,0.002671
2484,2018-11-18T06:53:11.188000Z,19,p,0.929,0.004803
2485,2018-11-18T06:53:11.193500Z,17,p,0.4,0.003747
2486,2018-11-18T06:53:11.207500Z,15,p,0.543,0.003598
2487,2018-11-18T06:53:11.207500Z,16,p,0.326,0.00341
2488,2018-11-18T06:53:11.241500Z,4,p,0.455,0.002518
2489,2018-11-18T06:53:11.245500Z,24,s,0.936,0.01191
2490,2018-11-18T06:53:11.250500Z,12,p,0.461,0.00305
2491,2018-11-18T06:53:11.252500Z,23,s,0.954,0.01026
2492,2018-11-18T06:53:11.254000Z,5,p,0.344,0.001896
2493,2018-11-18T06:53:11.260000Z,22,s,0.924,0.008956
2494,2018-11-18T06:53:11.267500Z,21,s,0.936,0.01307
2495,2018-11-18T06:53:11.276000Z,20,s,0.919,0.006546
2496,2018-11-18T06:53:11.283500Z,19,s,0.898,0.004803
2497,2018-11-18T06:53:11.286500Z,3,p,0.455,0.002499
2498,2018-11-18T06:53:11.292500Z,18,s,0.584,0.004381
2499,2018-11-18T06:53:11.301000Z,17,s,0.928,0.003747
2500,2018-11-18T06:53:11.312000Z,16,s,0.881,0.00341
2501,2018-11-18T06:53:11.320000Z,15,s,0.871,0.003598
2502,2018-11-18T06:53:11.328000Z,14,s,0.837,0.002671
2503,2018-11-18T06:53:11.338500Z,13,s,0.665,0.003372
2504,2018-11-18T06:53:11.344500Z,12,s,0.713,0.00305
2505,2018-11-18T06:53:11.361500Z,10,s,0.634,0.003029
2506,2018-11-18T06:53:11.377500Z,8,s,0.508,0.00373
2507,2018-11-18T06:53:11.388000Z,7,s,0.5,0.004093
2508,2018-11-18T06:53:11.403000Z,5,s,0.815,0.001896
2509,2018-11-18T06:53:11.413500Z,4,s,0.761,0.002518
2510,2018-11-18T06:53:11.421500Z,3,s,0.79,0.002499
2511,2018-11-18T06:53:11.431000Z,2,s,0.908,0.003301
2512,2018-11-18T06:53:20.426000Z,20,s,0.697,0.002072
2513,2018-11-18T06:53:23.402000Z,19,s,0.466,0.004145
2514,2018-11-18T06:53:25.221500Z,19,s,0.315,0.002634
2515,2018-11-18T06:53:29.548000Z,11,s,0.538,0.003931
2516,2018-11-18T06:54:00.724000Z,20,s,0.82,0.002393
2517,2018-11-18T06:54:54.327500Z,24,s,0.341,0.003058
2518,2018-11-18T06:54:54.918500Z,23,p,0.48,0.02063
2519,2018-11-18T06:54:54.943500Z,24,s,0.911,0.006987
2520,2018-11-18T06:54:54.949500Z,23,s,0.892,0.02063
2521,2018-11-18T06:54:54.956000Z,22,s,0.764,0.009971
2522,2018-11-18T06:54:57.599500Z,19,s,0.335,0.003115
2523,2018-11-18T06:55:57.413500Z,20,s,0.404,0.001845
2524,2018-11-18T06:56:54.351500Z,5,s,0.363,0.001784
2525,2018-11-18T06:57:02.894000Z,5,p,0.65,0.002775
2526,2018-11-18T06:57:03.005500Z,5,s,0.856,0.002775
2527,2018-11-18T06:57:19.244000Z,20,s,0.788,0.002336
2528,2018-11-18T06:57:24.978500Z,19,s,0.479,0.005227
2529,2018-11-18T06:57:31.132000Z,24,s,0.777,0.004933
2530,2018-11-18T06:57:56.428500Z,20,p,0.828,0.00184
2531,2018-11-18T06:57:56.573500Z,20,s,0.639,0.00184
2532,2018-11-18T06:58:03.873500Z,3,p,0.306,0.00432
2533,2018-11-18T06:58:03.964500Z,3,s,0.345,0.00432
2534,2018-11-18T06:58:05.391500Z,23,s,0.451,0.002552
2535,2018-11-18T06:58:39.152000Z,19,p,0.538,0.002995
2536,2018-11-18T06:58:44.884000Z,20,p,0.527,0.003091
2537,2018-11-18T06:58:45.128500Z,20,s,0.819,0.003091
2538,2018-11-18T06:58:48.473500Z,2,p,0.395,0.003486
2539,2018-11-18T06:58:48.577500Z,2,s,0.779,0.003486
2540,2018-11-18T06:58:58.656500Z,20,s,0.66,0.002006
2541,2018-11-18T07:00:08.132000Z,19,s,0.7,0.003469
2542,2018-11-18T07:00:11.818000Z,20,s,0.32,0.001504
2543,2018-11-18T07:00:34.743500Z,19,p,0.481,0.005215
2544,2018-11-18T07:00:34.837500Z,19,s,0.849,0.005215
2545,2018-11-18T07:01:22.210000Z,24,p,0.514,0.02506
2546,2018-11-18T07:01:22.214500Z,23,p,0.967,0.01527
2547,2018-11-18T07:01:22.218000Z,22,p,0.797,0.01307
2548,2018-11-18T07:01:22.224000Z,21,p,0.868,0.00948
2549,2018-11-18T07:01:22.227000Z,20,p,0.927,0.006245
2550,2018-11-18T07:01:22.234000Z,19,p,0.939,0.003866
2551,2018-11-18T07:01:22.242000Z,17,p,0.844,0.00278
2552,2018-11-18T07:01:22.249500Z,16,p,0.923,0.002719
2553,2018-11-18T07:01:22.260500Z,14,p,0.313,0.005144
2554,2018-11-18T07:01:22.267000Z,13,p,0.951,0.004602
2555,2018-11-18T07:01:22.271500Z,12,p,0.843,0.002845
2556,2018-11-18T07:01:22.274000Z,24,s,0.962,0.02506
2557,2018-11-18T07:01:22.281000Z,23,s,0.963,0.01527
2558,2018-11-18T07:01:22.289000Z,22,s,0.955,0.01307
2559,2018-11-18T07:01:22.297000Z,21,s,0.928,0.00948
2560,2018-11-18T07:01:22.305000Z,20,s,0.944,0.006245
2561,2018-11-18T07:01:22.310500Z,4,p,0.309,0.001844
2562,2018-11-18T07:01:22.313000Z,19,s,0.948,0.003866
2563,2018-11-18T07:01:22.321500Z,18,s,0.477,0.004325
2564,2018-11-18T07:01:22.328500Z,17,s,0.786,0.00278
2565,2018-11-18T07:01:22.341000Z,16,s,0.907,0.002719
2566,2018-11-18T07:01:22.349500Z,15,s,0.669,0.002956
2567,2018-11-18T07:01:22.360500Z,14,s,0.714,0.005144
2568,2018-11-18T07:01:22.370000Z,13,s,0.859,0.004602
2569,2018-11-18T07:01:22.376500Z,12,s,0.729,0.002845
2570,2018-11-18T07:01:22.413500Z,8,s,0.542,0.003208
2571,2018-11-18T07:01:22.448500Z,4,s,0.666,0.001844
2572,2018-11-18T07:01:22.453500Z,3,s,0.59,0.001601
2573,2018-11-18T07:01:22.465000Z,2,s,0.596,0.001692
2574,2018-11-18T07:01:29.372500Z,11,s,0.8,0.003548
2575,2018-11-18T07:01:37.440500Z,18,p,0.536,0.002014
2576,2018-11-18T07:02:41.675500Z,17,s,0.696,0.002842
2577,2018-11-18T07:02:53.030500Z,20,s,0.652,0.001952
2578,2018-11-18T07:03:02.184000Z,19,s,0.501,0.001988
2579,2018-11-18T07:03:36.709500Z,24,s,0.663,0.005531
2580,2018-11-18T07:03:57.292000Z,20,s,0.669,0.002396
2581,2018-11-18T07:04:21.842000Z,8,s,0.698,0.00314
2582,2018-11-18T07:04:58.790000Z,9,p,0.672,0.01412
2583,2018-11-18T07:04:58.857000Z,10,p,0.921,0.01951
2584,2018-11-18T07:04:58.861500Z,9,s,0.686,0.01412
2585,2018-11-18T07:06:29.960500Z,20,s,0.441,0.001786
2586,2018-11-18T07:07:00.284000Z,22,s,0.511,0.005128
2587,2018-11-18T07:07:10.287500Z,5,p,0.491,0.002482
2588,2018-11-18T07:07:10.408500Z,5,s,0.702,0.002482
2589,2018-11-18T07:07:11.966000Z,23,s,0.585,0.002155
2590,2018-11-18T07:07:29.520500Z,19,p,0.971,0.05848
2591,2018-11-18T07:07:29.573500Z,20,p,0.308,0.02987
2592,2018-11-18T07:07:29.584500Z,19,s,0.706,0.05848
2593,2018-11-18T07:07:29.588500Z,20,s,0.633,0.02987
2594,2018-11-18T07:08:07.200500Z,5,s,0.475,0.00311
2595,2018-11-18T07:08:11.834500Z,19,s,0.485,0.00344
2596,2018-11-18T07:08:39.104000Z,19,p,0.756,0.1206
2597,2018-11-18T07:08:39.126000Z,20,p,0.819,0.02916
2598,2018-11-18T07:08:39.131500Z,19,s,0.936,0.1206
2599,2018-11-18T07:08:39.159500Z,20,s,0.508,0.02916
2600,2018-11-18T07:08:39.173500Z,17,s,0.753,0.002497
2601,2018-11-18T07:08:39.176500Z,24,p,0.479,0.003695
2602,2018-11-18T07:08:39.220500Z,24,s,0.879,0.003695
2603,2018-11-18T07:08:39.258000Z,13,s,0.61,0.002425
2604,2018-11-18T07:09:02.029500Z,22,s,0.453,0.00314
2605,2018-11-18T07:09:21.439500Z,11,p,0.518,0.003968
2606,2018-11-18T07:09:21.552500Z,11,s,0.746,0.003968
2607,2018-11-18T07:09:23.797500Z,13,s,0.342,0.003755
2608,2018-11-18T07:09:26.833500Z,3,s,0.505,0.003888
2609,2018-11-18T07:09:36.987500Z,20,s,0.527,0.003723
2610,2018-11-18T07:09:44.564000Z,24,s,0.509,0.00456
2611,2018-11-18T07:09:50.653500Z,19,s,0.856,0.02373
2612,2018-11-18T07:09:50.666500Z,20,s,0.544,0.003843
2613,2018-11-18T07:09:55.154500Z,19,p,0.918,0.0316
2614,2018-11-18T07:09:55.236000Z,19,s,0.573,0.005581
2615,2018-11-18T07:09:55.928000Z,19,p,0.851,0.00839
2616,2018-11-18T07:09:58.151500Z,19,s,0.43,0.01641
2617,2018-11-18T07:09:58.153500Z,19,p,0.519,0.01641
2618,2018-11-18T07:09:58.154000Z,20,p,0.42,0.004841
2619,2018-11-18T07:09:58.188500Z,20,s,0.463,0.002662
2620,2018-11-18T07:10:00.823500Z,19,p,0.348,0.003346
2621,2018-11-18T07:10:00.934500Z,19,s,0.8,0.003346
2622,2018-11-18T07:10:01.214500Z,19,p,0.359,0.003368
2623,2018-11-18T07:10:01.314000Z,19,s,0.811,0.003368
2624,2018-11-18T07:10:07.194500Z,19,p,0.608,0.06248
2625,2018-11-18T07:10:07.200000Z,20,p,0.813,0.01943
2626,2018-11-18T07:10:07.203500Z,19,s,0.594,0.06248
2627,2018-11-18T07:10:07.237000Z,20,s,0.708,0.01779
2628,2018-11-18T07:10:07.291500Z,24,s,0.359,0.003355
2629,2018-11-18T07:10:16.538000Z,19,s,0.771,0.00207
2630,2018-11-18T07:10:32.802000Z,19,p,0.876,0.007562
2631,2018-11-18T07:10:33.674500Z,19,s,0.402,0.004247
2632,2018-11-18T07:10:33.678000Z,19,p,0.425,0.003644
2633,2018-11-18T07:10:35.744000Z,19,s,0.7,0.009051
2634,2018-11-18T07:11:18.723500Z,20,p,0.443,0.002007
2635,2018-11-18T07:11:19.064500Z,20,s,0.534,0.002007
2636,2018-11-18T07:12:00.855500Z,19,p,0.385,0.008053
2637,2018-11-18T07:12:01.002000Z,19,s,0.729,0.008053
2638,2018-11-18T07:12:40.913500Z,19,s,0.384,0.002995
2639,2018-11-18T07:13:16.329500Z,5,s,0.515,0.003139
2640,2018-11-18T07:13:30.456500Z,1,s,0.569,0.001906
2641,2018-11-18T07:13:35.289500Z,20,s,0.378,0.001942
2642,2018-11-18T07:13:50.608000Z,20,s,0.862,0.002685
2643,2018-11-18T07:16:04.079500Z,4,s,0.9,0.002988
2644,2018-11-18T07:16:06.756000Z,24,s,0.5,0.004695
2645,2018-11-18T07:16:13.773500Z,19,p,0.979,0.03843
2646,2018-11-18T07:16:13.773500Z,20,p,0.747,0.005886
2647,2018-11-18T07:16:13.813000Z,19,s,0.899,0.03843
2648,2018-11-18T07:16:13.813500Z,20,p,0.349,0.0131
2649,2018-11-18T07:16:13.839500Z,20,s,0.649,0.0131
2650,2018-11-18T07:16:34.790500Z,22,p,0.791,0.004707
2651,2018-11-18T07:16:34.893500Z,22,s,0.88,0.004707
2652,2018-11-18T07:16:41.998000Z,19,s,0.594,0.003583
2653,2018-11-18T07:16:53.894000Z,22,s,0.365,0.002288
2654,2018-11-18T07:17:07.061500Z,17,s,0.369,0.002038
2655,2018-11-18T07:17:32.564000Z,11,s,0.483,0.0037
2656,2018-11-18T07:17:49.374500Z,5,s,0.414,0.00264
2657,2018-11-18T07:18:34.419000Z,5,s,0.389,0.002567
2658,2018-11-18T07:18:43.335500Z,20,s,0.331,0.001669
2659,2018-11-18T07:19:10.976000Z,20,p,0.302,0.002564
2660,2018-11-18T07:19:11.111000Z,20,s,0.795,0.002564
2661,2018-11-18T07:20:53.618000Z,1,p,0.358,0.002912
2662,2018-11-18T07:22:11.254500Z,20,s,0.313,0.002135
2663,2018-11-18T07:23:31.761500Z,23,s,0.636,0.002469
2664,2018-11-18T07:24:45.077500Z,20,p,0.317,0.003484
2665,2018-11-18T07:24:45.287000Z,20,s,0.614,0.003484
2666,2018-11-18T07:24:58.473000Z,5,s,0.744,0.002972
2667,2018-11-18T07:25:26.733500Z,11,s,0.604,0.004047
2668,2018-11-18T07:25:41.947500Z,20,s,0.391,0.001896
2669,2018-11-18T07:25:55.746500Z,1,s,0.339,0.001738
2670,2018-11-18T07:25:55.846000Z,20,p,0.509,0.001822
2671,2018-11-18T07:25:55.857500Z,22,p,0.302,0.002308
2672,2018-11-18T07:26:03.631500Z,17,p,0.66,0.004554
2673,2018-11-18T07:26:03.772000Z,17,s,0.91,0.004554
2674,2018-11-18T07:26:25.648500Z,17,s,0.575,0.00329
2675,2018-11-18T07:27:07.463500Z,20,s,0.304,0.001598
2676,2018-11-18T07:27:57.897500Z,6,p,0.43,0.001745
2677,2018-11-18T07:28:25.093000Z,19,s,0.674,0.002983
2678,2018-11-18T07:28:29.589500Z,20,s,0.509,0.002284
2679,2018-11-18T07:28:55.284500Z,24,s,0.477,0.005148
2680,2018-11-18T07:29:05.192000Z,20,s,0.797,0.002893
2681,2018-11-18T07:30:13.948000Z,22,p,0.717,0.004714
2682,2018-11-18T07:30:14.064500Z,22,s,0.493,0.004714
2683,2018-11-18T07:30:29.465500Z,1,s,0.337,0.002394
2684,2018-11-18T07:30:34.069500Z,4,s,0.597,0.006428
2685,2018-11-18T07:31:20.960500Z,3,s,0.542,0.00278
2686,2018-11-18T07:31:23.771500Z,23,s,0.615,0.002428
2687,2018-11-18T07:31:30.776000Z,20,s,0.583,0.00174
2688,2018-11-18T07:31:32.702000Z,1,s,0.397,0.001721
2689,2018-11-18T07:31:47.751500Z,2,s,0.319,0.001849
2690,2018-11-18T07:31:59.014000Z,22,p,0.528,0.002188
2691,2018-11-18T07:31:59.163500Z,22,s,0.37,0.002188
2692,2018-11-18T07:33:19.157500Z,11,s,0.755,0.00379
2693,2018-11-18T07:33:36.021500Z,20,s,0.337,0.00164
2694,2018-11-18T07:34:11.468000Z,5,s,0.65,0.003398
2695,2018-11-18T07:34:30.092500Z,20,s,0.768,0.003227
2696,2018-11-18T07:36:02.499500Z,10,p,0.33,0.001051
2697,2018-11-18T07:36:02.532500Z,10,p,0.498,0.01269
2698,2018-11-18T07:36:02.557500Z,10,s,0.631,0.01643
2699,2018-11-18T07:36:02.561500Z,10,p,0.334,0.01643
2700,2018-11-18T07:36:03.191500Z,5,p,0.344,0.00319
2701,2018-11-18T07:36:03.248000Z,5,s,0.855,0.00319
2702,2018-11-18T07:36:49.070000Z,8,s,0.338,0.002314
2703,2018-11-18T07:36:59.797500Z,20,s,0.311,0.001803
2704,2018-11-18T07:37:08.604000Z,19,s,0.386,0.003013
2705,2018-11-18T07:37:11.934000Z,19,s,0.355,0.002001
2706,2018-11-18T07:38:14.576500Z,20,p,0.42,0.001859
2707,2018-11-18T07:38:14.790500Z,20,s,0.453,0.001859
2708,2018-11-18T07:38:43.502500Z,19,s,0.509,0.002806
2709,2018-11-18T07:38:51.509500Z,19,p,0.432,0.003011
2710,2018-11-18T07:38:51.665500Z,19,s,0.661,0.003011
2711,2018-11-18T07:38:58.146000Z,19,s,0.663,0.00401
2712,2018-11-18T07:38:59.528500Z,19,s,0.427,0.002691
2713,2018-11-18T07:39:08.556000Z,20,s,0.585,0.002173
2714,2018-11-18T07:39:08.749500Z,19,s,0.34,0.002184
2715,2018-11-18T07:39:23.620000Z,20,s,0.831,0.003157
2716,2018-11-18T07:39:27.184000Z,20,p,0.314,0.002094
2717,2018-11-18T07:39:27.434500Z,20,s,0.532,0.002094
2718,2018-11-18T07:39:37.316500Z,19,s,0.319,0.002546
2719,2018-11-18T07:39:58.788000Z,1,s,0.403,0.002629
2720,2018-11-18T07:40:14.173500Z,19,s,0.304,0.007311
2721,2018-11-18T07:40:15.656500Z,19,s,0.647,0.006778
2722,2018-11-18T07:40:16.005500Z,19,p,0.364,0.002929
2723,2018-11-18T07:40:16.215000Z,19,s,0.652,0.002929
2724,2018-11-18T07:40:20.117500Z,19,s,0.553,0.002233
2725,2018-11-18T07:40:21.072500Z,19,s,0.459,0.003786
2726,2018-11-18T07:40:24.912500Z,19,s,0.358,0.004911
2727,2018-11-18T07:40:29.130000Z,19,s,0.502,0.004242
2728,2018-11-18T07:40:38.116000Z,11,s,0.455,0.004404
2729,2018-11-18T07:40:42.243000Z,19,s,0.631,0.004212
2730,2018-11-18T07:40:44.968000Z,19,p,0.538,0.003782
2731,2018-11-18T07:40:45.153500Z,19,s,0.805,0.003782
2732,2018-11-18T07:40:48.449500Z,19,p,0.437,0.004278
2733,2018-11-18T07:40:48.528500Z,19,s,0.379,0.004278
2734,2018-11-18T07:40:50.671500Z,19,s,0.326,0.001971
2735,2018-11-18T07:40:51.253500Z,19,s,0.463,0.003609
2736,2018-11-18T07:41:01.060000Z,5,s,0.555,0.002797
2737,2018-11-18T07:41:01.167500Z,19,s,0.439,0.001954
2738,2018-11-18T07:41:01.854500Z,23,s,0.864,0.006431
2739,2018-11-18T07:41:10.620000Z,19,s,0.708,0.00172
2740,2018-11-18T07:41:13.802500Z,19,s,0.567,0.002728
2741,2018-11-18T07:41:14.756000Z,19,p,0.315,0.007998
2742,2018-11-18T07:41:14.862000Z,19,s,0.725,0.007998
2743,2018-11-18T07:41:17.977000Z,19,s,0.827,0.003219
2744,2018-11-18T07:41:19.289500Z,19,p,0.449,0.002252
2745,2018-11-18T07:41:19.413500Z,19,s,0.373,0.002252
2746,2018-11-18T07:41:20.181500Z,19,p,0.434,0.001624
2747,2018-11-18T07:41:20.307500Z,19,s,0.612,0.001581
2748,2018-11-18T07:41:24.661500Z,19,s,0.74,0.002338
2749,2018-11-18T07:41:31.232500Z,24,s,0.308,0.00383
2750,2018-11-18T07:41:38.665500Z,19,p,0.511,0.002155
2751,2018-11-18T07:41:39.010500Z,19,s,0.588,0.001884
2752,2018-11-18T07:41:43.128500Z,19,s,0.313,0.001556
2753,2018-11-18T07:41:44.273000Z,19,s,0.424,0.004441
2754,2018-11-18T07:41:45.364000Z,22,s,0.435,0.005244
2755,2018-11-18T07:41:46.272500Z,19,s,0.421,0.003393
2756,2018-11-18T07:41:49.900500Z,19,p,0.374,0.005691
2757,2018-11-18T07:41:49.988000Z,19,s,0.673,0.005691
2758,2018-11-18T07:41:57.413500Z,23,s,0.483,0.002224
2759,2018-11-18T07:41:57.681500Z,19,s,0.371,0.006186
2760,2018-11-18T07:42:01.037500Z,19,s,0.695,0.002214
2761,2018-11-18T07:42:02.478000Z,19,s,0.389,0.002004
2762,2018-11-18T07:42:03.282500Z,19,s,0.314,0.001766
2763,2018-11-18T07:42:06.507000Z,19,p,0.671,0.002159
2764,2018-11-18T07:42:10.200500Z,19,s,0.392,0.005719
2765,2018-11-18T07:42:12.506000Z,1,s,0.628,0.001747
2766,2018-11-18T07:42:14.924000Z,19,p,0.345,0.002073
2767,2018-11-18T07:42:15.175000Z,19,s,0.309,0.002073
2768,2018-11-18T07:42:16.829500Z,19,p,0.526,0.002339
2769,2018-11-18T07:42:20.444000Z,19,p,0.579,0.003052
2770,2018-11-18T07:42:20.566500Z,19,s,0.408,0.003052
2771,2018-11-18T07:42:26.072500Z,19,s,0.325,0.004381
2772,2018-11-18T07:42:54.046500Z,19,p,0.543,0.002094
2773,2018-11-18T07:42:54.213500Z,19,s,0.361,0.002094
2774,2018-11-18T07:43:18.924000Z,19,p,0.754,0.002459
2775,2018-11-18T07:43:19.045500Z,19,s,0.771,0.002459
2776,2018-11-18T07:43:32.912500Z,19,s,0.511,0.00354
2777,2018-11-18T07:43:40.409500Z,20,s,0.465,0.00187
2778,2018-11-18T07:44:20.797500Z,19,s,0.31,0.001952
2779,2018-11-18T07:44:33.764500Z,15,p,0.408,0.003493
2780,2018-11-18T07:44:39.352500Z,19,s,0.612,0.001841
2781,2018-11-18T07:44:41.260000Z,19,p,0.601,0.001955
2782,2018-11-18T07:44:45.803000Z,20,s,0.81,0.002898
2783,2018-11-18T07:44:50.760000Z,20,s,0.439,0.001757
2784,2018-11-18T07:45:02.835000Z,15,p,0.399,0.05028
2785,2018-11-18T07:45:02.836500Z,15,s,0.313,0.05028
2786,2018-11-18T07:45:57.140500Z,1,p,0.303,0.001981
2787,2018-11-18T07:45:57.142500Z,2,p,0.616,0.002257
2788,2018-11-18T07:45:57.168000Z,6,s,0.302,0.00216
2789,2018-11-18T07:45:57.185500Z,9,p,0.322,0.001831
2790,2018-11-18T07:45:57.222500Z,17,p,0.331,0.001937
2791,2018-11-18T07:45:57.244000Z,20,p,0.619,0.002167
2792,2018-11-18T07:45:57.248500Z,22,p,0.522,0.002395
2793,2018-11-18T07:45:57.250500Z,21,p,0.372,0.002225
2794,2018-11-18T07:45:57.262000Z,24,p,0.431,0.004227
2795,2018-11-18T07:46:22.683000Z,7,s,0.488,0.0038
2796,2018-11-18T07:46:24.773500Z,19,s,0.492,0.003055
2797,2018-11-18T07:46:32.570000Z,5,p,0.818,0.0029
2798,2018-11-18T07:46:32.737000Z,5,s,0.833,0.0029
2799,2018-11-18T07:46:36.484000Z,19,s,0.476,0.003304
2800,2018-11-18T07:46:55.972000Z,22,s,0.578,0.003235
2801,2018-11-18T07:47:27.307500Z,19,s,0.409,0.002421
2802,2018-11-18T07:47:32.125500Z,19,s,0.553,0.002703
2803,2018-11-18T07:47:45.096500Z,20,p,0.562,0.002222
2804,2018-11-18T07:47:45.306500Z,20,s,0.397,0.002222
2805,2018-11-18T07:47:47.502000Z,19,s,0.87,0.002037
2806,2018-11-18T07:48:00.095500Z,19,p,0.441,0.002438
2807,2018-11-18T07:48:00.200000Z,19,s,0.627,0.002438
2808,2018-11-18T07:48:04.398000Z,8,s,0.433,0.001588
2809,2018-11-18T07:48:15.293500Z,19,s,0.663,0.005033
2810,2018-11-18T07:48:16.336500Z,3,s,0.491,0.00366
2811,2018-11-18T07:48:28.937500Z,19,s,0.478,0.002417
2812,2018-11-18T07:48:32.629500Z,11,p,0.306,0.003642
2813,2018-11-18T07:48:32.665500Z,11,s,0.63,0.003642
2814,2018-11-18T07:48:33.461500Z,19,s,0.508,0.002669
2815,2018-11-18T07:48:34.289500Z,19,s,0.443,0.001851
2816,2018-11-18T07:49:05.200500Z,19,p,0.448,0.00307
2817,2018-11-18T07:49:05.326000Z,19,s,0.886,0.00307
2818,2018-11-18T07:49:08.861500Z,20,p,0.633,0.00203
2819,2018-11-18T07:49:09.040500Z,20,s,0.484,0.00203
2820,2018-11-18T07:49:10.989500Z,19,s,0.585,0.002801
2821,2018-11-18T07:50:20.859000Z,20,s,0.428,0.003019
2822,2018-11-18T07:50:48.805000Z,21,s,0.384,0.008663
2823,2018-11-18T07:50:48.806000Z,21,p,0.471,0.008663
2824,2018-11-18T07:50:59.441500Z,23,s,0.319,0.003363
2825,2018-11-18T07:51:25.373500Z,3,s,0.54,0.002949
2826,2018-11-18T07:51:54.111500Z,19,p,0.383,0.002607
2827,2018-11-18T07:52:55.829500Z,20,s,0.383,0.001793
2828,2018-11-18T07:53:00.378500Z,6,s,0.353,0.002233
2829,2018-11-18T07:53:02.044000Z,5,s,0.715,0.002623
2830,2018-11-18T07:53:02.440500Z,5,p,0.494,0.0014
2831,2018-11-18T07:53:03.114000Z,5,p,0.453,0.002081
2832,2018-11-18T07:53:03.137500Z,6,p,0.398,0.002478
2833,2018-11-18T07:53:20.024500Z,19,s,0.407,0.003593
2834,2018-11-18T07:53:29.140500Z,13,p,0.715,0.004035
2835,2018-11-18T07:53:29.161000Z,12,p,0.678,0.002828
2836,2018-11-18T07:53:29.179500Z,11,p,0.708,0.001773
2837,2018-11-18T07:53:29.276500Z,13,s,0.566,0.004035
2838,2018-11-18T07:53:29.297500Z,12,s,0.592,0.002828
2839,2018-11-18T07:53:29.317500Z,11,s,0.463,0.001773
2840,2018-11-18T07:53:36.229500Z,24,s,0.569,0.004257
2841,2018-11-18T07:53:49.192500Z,8,s,0.304,0.001812
2842,2018-11-18T07:53:57.717500Z,19,p,0.373,0.001807
2843,2018-11-18T07:54:29.013500Z,20,p,0.456,0.002075
2844,2018-11-18T07:54:29.215000Z,20,s,0.625,0.002075
2845,2018-11-18T07:54:30.741500Z,13,s,0.337,0.009337
2846,2018-11-18T07:54:30.742000Z,13,p,0.528,0.009337
2847,2018-11-18T07:54:42.751500Z,20,s,0.623,0.003234
2848,2018-11-18T07:54:49.714000Z,13,p,0.509,0.002126
2849,2018-11-18T07:54:50.942500Z,6,s,0.307,0.001766
2850,2018-11-18T07:54:51.603500Z,22,s,0.558,0.004881
2851,2018-11-18T07:54:57.098500Z,24,p,0.32,0.0093
2852,2018-11-18T07:54:57.127500Z,20,p,0.462,0.002934
2853,2018-11-18T07:54:57.135500Z,21,p,0.31,0.004573
2854,2018-11-18T07:54:57.135500Z,22,p,0.778,0.003869
2855,2018-11-18T07:54:57.137500Z,23,p,0.479,0.005853
2856,2018-11-18T07:54:57.211500Z,24,s,0.937,0.0093
2857,2018-11-18T07:54:57.219000Z,23,s,0.935,0.005853
2858,2018-11-18T07:54:57.226000Z,22,s,0.912,0.003869
2859,2018-11-18T07:54:57.231500Z,4,p,0.874,0.002369
2860,2018-11-18T07:54:57.233000Z,21,s,0.808,0.004573
2861,2018-11-18T07:54:57.236000Z,3,p,0.528,0.001656
2862,2018-11-18T07:54:57.239000Z,20,s,0.713,0.002934
2863,2018-11-18T07:54:57.248500Z,19,s,0.478,0.002026
2864,2018-11-18T07:54:57.295500Z,13,s,0.369,0.001904
2865,2018-11-18T07:54:57.344000Z,8,p,0.588,0.002383
2866,2018-11-18T07:54:57.377000Z,4,s,0.844,0.002369
2867,2018-11-18T07:54:57.396500Z,2,s,0.379,0.001647
2868,2018-11-18T07:54:57.451500Z,2,s,0.372,0.001691
2869,2018-11-18T07:54:57.500500Z,5,s,0.419,0.002007
2870,2018-11-18T07:54:57.506500Z,6,s,0.343,0.00221
2871,2018-11-18T07:54:57.656500Z,13,p,0.316,0.001975
2872,2018-11-18T07:55:28.677500Z,19,s,0.409,0.001682
2873,2018-11-18T07:55:29.325500Z,19,s,0.685,0.002004
2874,2018-11-18T07:55:46.463500Z,20,p,0.36,0.001966
2875,2018-11-18T07:55:46.671000Z,20,s,0.721,0.001966
2876,2018-11-18T07:56:50.100500Z,11,s,0.582,0.004035
2877,2018-11-18T07:57:50.164000Z,22,s,0.453,0.002213
2878,2018-11-18T07:58:44.531500Z,20,p,0.629,0.00213
2879,2018-11-18T07:58:44.725500Z,20,s,0.501,0.00213
2880,2018-11-18T07:59:33.010500Z,5,s,0.425,0.002091
2881,2018-11-18T07:59:54.797500Z,20,p,0.747,0.00156
2882,2018-11-18T07:59:55.004000Z,20,s,0.482,0.00156
2883,2018-11-18T08:00:07.826000Z,20,p,0.538,0.002956
2884,2018-11-18T08:00:07.956500Z,20,s,0.819,0.002956
2885,2018-11-18T08:01:11.792500Z,23,p,0.501,0.001917
2886,2018-11-18T08:01:11.944500Z,23,s,0.438,0.001917
2887,2018-11-18T08:02:40.032500Z,5,s,0.782,0.003188
2888,2018-11-18T08:03:29.845500Z,20,s,0.348,0.00192
2889,2018-11-18T08:04:07.724000Z,23,s,0.572,0.002933
2890,2018-11-18T08:04:30.460000Z,20,s,0.335,0.002356
2891,2018-11-18T08:04:43.006000Z,11,s,0.746,0.00431
2892,2018-11-18T08:04:48.850000Z,3,s,0.611,0.002771
2893,2018-11-18T08:05:08.829500Z,20,s,0.342,0.00464
2894,2018-11-18T08:06:20.552500Z,15,p,0.797,0.1015
2895,2018-11-18T08:07:26.390000Z,20,s,0.644,0.001779
2896,2018-11-18T08:08:28.736500Z,3,s,0.644,0.002437
2897,2018-11-18T08:08:49.746000Z,3,p,0.494,0.00264
2898,2018-11-18T08:08:49.872500Z,3,s,0.399,0.00264
2899,2018-11-18T08:09:00.976500Z,1,p,0.347,0.00188
2900,2018-11-18T08:09:05.383500Z,23,s,0.319,0.002276
2901,2018-11-18T08:09:10.734000Z,20,s,0.547,0.00228
2902,2018-11-18T08:10:05.269500Z,5,s,0.61,0.003124
2903,2018-11-18T08:10:14.360500Z,20,s,0.765,0.002249
2904,2018-11-18T08:10:55.989500Z,22,s,0.39,0.002383
2905,2018-11-18T08:11:06.321500Z,4,p,0.415,0.007225
2906,2018-11-18T08:11:06.321500Z,4,s,0.403,0.007225
2907,2018-11-18T08:11:27.640500Z,24,s,0.335,0.004128
2908,2018-11-18T08:12:35.317500Z,19,s,0.353,0.002019
2909,2018-11-18T08:12:36.148500Z,3,p,0.302,0.002683
2910,2018-11-18T08:12:36.268500Z,3,s,0.355,0.002683
2911,2018-11-18T08:12:38.140000Z,20,s,0.546,0.00187
2912,2018-11-18T08:12:49.219500Z,19,s,0.559,0.002481
2913,2018-11-18T08:13:11.625500Z,19,p,0.402,0.01235
2914,2018-11-18T08:13:12.015500Z,19,s,0.458,0.01235
2915,2018-11-18T08:13:18.037500Z,19,s,0.443,0.002439
2916,2018-11-18T08:13:22.224500Z,11,p,0.475,0.003296
2917,2018-11-18T08:13:22.335000Z,11,s,0.761,0.003296
2918,2018-11-18T08:14:04.957000Z,5,s,0.88,0.004758
2919,2018-11-18T08:14:30.280500Z,22,s,0.334,0.002293
2920,2018-11-18T08:15:37.016000Z,23,p,0.681,0.002682
2921,2018-11-18T08:15:50.016000Z,20,s,0.706,0.003479
2922,2018-11-18T08:16:19.830500Z,20,p,0.529,0.001822
2923,2018-11-18T08:16:20.016000Z,20,s,0.634,0.001822
2924,2018-11-18T08:17:07.329500Z,23,s,0.381,0.001581
2925,2018-11-18T08:17:31.064000Z,23,p,0.334,0.004056
2926,2018-11-18T08:17:31.121500Z,23,s,0.467,0.004056
2927,2018-11-18T08:17:31.128500Z,22,s,0.375,0.00502
2928,2018-11-18T08:18:02.677500Z,5,s,0.527,0.002652
2929,2018-11-18T08:18:10.668500Z,1,p,0.414,0.002436
2930,2018-11-18T08:18:10.748000Z,1,s,0.791,0.002436
2931,2018-11-18T08:18:13.195500Z,19,s,0.624,0.007119
2932,2018-11-18T08:18:19.477500Z,19,s,0.41,0.003895
2933,2018-11-18T08:18:23.629500Z,19,s,0.623,0.002711
2934,2018-11-18T08:18:38.618000Z,8,s,0.758,0.002139
2935,2018-11-18T08:18:40.768500Z,19,s,0.314,0.003181
2936,2018-11-18T08:18:41.423500Z,19,s,0.454,0.002031
2937,2018-11-18T08:19:02.552500Z,1,s,0.55,0.001699
2938,2018-11-18T08:19:04.494500Z,19,s,0.468,0.002898
2939,2018-11-18T08:19:06.060500Z,19,s,0.327,0.002871
2940,2018-11-18T08:19:09.851500Z,19,s,0.35,0.003263
2941,2018-11-18T08:19:30.820500Z,23,s,0.692,0.002781
2942,2018-11-18T08:19:31.412000Z,5,s,0.694,0.002746
2943,2018-11-18T08:20:15.886000Z,20,s,0.559,0.002532
2944,2018-11-18T08:20:38.565500Z,8,s,0.583,0.003287
2945,2018-11-18T08:20:56.590000Z,3,s,0.747,0.002856
2946,2018-11-18T08:21:16.292500Z,17,p,0.346,0.003561
2947,2018-11-18T08:21:16.453000Z,16,s,0.543,0.00299
2948,2018-11-18T08:21:16.468000Z,17,s,0.66,0.003561
2949,2018-11-18T08:21:16.486500Z,13,s,0.812,0.004138
2950,2018-11-18T08:21:20.439000Z,1,s,0.542,0.002309
2951,2018-11-18T08:21:21.948000Z,24,p,0.916,0.003769
2952,2018-11-18T08:21:21.951500Z,23,p,0.797,0.003064
2953,2018-11-18T08:21:21.953500Z,22,p,0.571,0.002933
2954,2018-11-18T08:21:21.960500Z,21,p,0.362,0.002143
2955,2018-11-18T08:21:21.966500Z,20,p,0.532,0.001662
2956,2018-11-18T08:21:22.043500Z,24,s,0.784,0.003528
2957,2018-11-18T08:21:22.049500Z,23,s,0.48,0.001898
2958,2018-11-18T08:21:22.057500Z,22,s,0.547,0.002414
2959,2018-11-18T08:21:22.067500Z,21,s,0.352,0.001929
2960,2018-11-18T08:21:22.069500Z,20,s,0.567,0.001662
2961,2018-11-18T08:22:03.878500Z,5,s,0.77,0.003286
2962,2018-11-18T08:22:21.192500Z,19,s,0.717,0.003254
2963,2018-11-18T08:22:25.614500Z,20,s,0.563,0.001995
2964,2018-11-18T08:22:59.116500Z,18,p,0.349,0.002969
2965,2018-11-18T08:23:17.645500Z,24,s,0.684,0.004608
2966,2018-11-18T08:23:18.100000Z,10,p,0.65,0.02966
2967,2018-11-18T08:23:18.101500Z,10,s,0.393,0.02966
2968,2018-11-18T08:23:43.912500Z,18,p,0.34,0.002289
2969,2018-11-18T08:23:44.037500Z,18,s,0.617,0.002289
2970,2018-11-18T08:23:44.894000Z,10,s,0.848,0.005772
2971,2018-11-18T08:25:35.276500Z,20,p,0.655,0.002875
2972,2018-11-18T08:25:35.464500Z,20,s,0.838,0.002875
2973,2018-11-18T08:26:19.617500Z,5,s,0.478,0.003295
2974,2018-11-18T08:26:30.485500Z,22,p,0.301,0.001955
2975,2018-11-18T08:26:52.693500Z,11,s,0.339,0.001657
2976,2018-11-18T08:26:53.654500Z,20,s,0.405,0.001961
2977,2018-11-18T08:26:54.614500Z,20,s,0.546,0.001917
2978,2018-11-18T08:26:55.532000Z,20,s,0.659,0.001797
2979,2018-11-18T08:26:56.571500Z,20,s,0.314,0.001895
2980,2018-11-18T08:26:58.161500Z,20,p,0.372,0.002297
2981,2018-11-18T08:26:59.652000Z,20,p,0.37,0.002025
2982,2018-11-18T08:27:00.732500Z,20,s,0.564,0.002155
2983,2018-11-18T08:27:01.834500Z,20,s,0.435,0.002468
2984,2018-11-18T08:27:03.038500Z,11,s,0.45,0.001737
2985,2018-11-18T08:27:04.155500Z,16,s,0.335,0.001581
2986,2018-11-18T08:27:04.157500Z,20,s,0.375,0.001945
2987,2018-11-18T08:27:04.162500Z,11,s,0.421,0.001694
2988,2018-11-18T08:27:05.325500Z,11,s,0.37,0.001587
2989,2018-11-18T08:27:05.325500Z,19,s,0.306,0.002131
2990,2018-11-18T08:27:08.745500Z,20,s,0.41,0.002082
2991,2018-11-18T08:27:20.319000Z,23,s,0.663,0.001854
2992,2018-11-18T08:28:06.452500Z,20,p,0.6,0.00156
2993,2018-11-18T08:28:06.725500Z,20,s,0.584,0.00156
2994,2018-11-18T08:28:26.217500Z,5,s,0.599,0.003544
2995,2018-11-18T08:29:26.241500Z,24,s,0.702,0.005916
2996,2018-11-18T08:29:28.376500Z,11,s,0.546,0.004267
2997,2018-11-18T08:29:38.176500Z,20,s,0.377,0.00276
2998,2018-11-18T08:30:09.148000Z,20,p,0.924,0.001716
2999,2018-11-18T08:30:09.359000Z,20,s,0.659,0.00159
3000,2018-11-18T08:30:26.869000Z,20,s,0.817,0.002707
3001,2018-11-18T08:30:27.708500Z,7,s,0.33,0.01026
3002,2018-11-18T08:30:47.889500Z,24,p,0.458,0.01328
3003,2018-11-18T08:30:47.897500Z,23,p,0.947,0.01805
3004,2018-11-18T08:30:47.902000Z,22,p,0.838,0.006962
3005,2018-11-18T08:30:47.915500Z,20,p,0.717,0.00334
3006,2018-11-18T08:30:47.929000Z,24,s,0.937,0.01328
3007,2018-11-18T08:30:47.939000Z,23,s,0.963,0.01805
3008,2018-11-18T08:30:47.947500Z,22,s,0.956,0.006962
3009,2018-11-18T08:30:47.956000Z,21,s,0.904,0.004505
3010,2018-11-18T08:30:47.965500Z,20,s,0.938,0.00334
3011,2018-11-18T08:30:47.973500Z,19,s,0.571,0.002417
3012,2018-11-18T08:30:47.993000Z,17,s,0.688,0.001996
3013,2018-11-18T08:30:58.869500Z,22,p,0.356,0.002563
3014,2018-11-18T08:30:59.059500Z,22,s,0.515,0.002563
3015,2018-11-18T08:31:34.640500Z,19,p,0.686,0.002664
3016,2018-11-18T08:31:34.753500Z,19,s,0.639,0.002664
3017,2018-11-18T08:31:42.269500Z,1,s,0.442,0.001943
3018,2018-11-18T08:32:32.164500Z,15,p,0.496,0.005103
3019,2018-11-18T08:33:12.043500Z,20,p,0.789,0.00175
3020,2018-11-18T08:33:12.306500Z,20,s,0.706,0.00175
3021,2018-11-18T08:34:23.857500Z,5,s,0.389,0.00267
3022,2018-11-18T08:35:29.576500Z,20,p,0.703,0.00243
3023,2018-11-18T08:35:29.844500Z,20,s,0.833,0.00243
3024,2018-11-18T08:35:32.288500Z,24,s,0.488,0.005714
3025,2018-11-18T08:35:39.592000Z,5,s,0.759,0.003346
3026,2018-11-18T08:36:10.349500Z,23,s,0.306,0.002796
3027,2018-11-18T08:36:35.235500Z,23,s,0.767,0.002661
3028,2018-11-18T08:37:07.990500Z,1,p,0.551,0.002687
3029,2018-11-18T08:37:08.105000Z,1,s,0.861,0.002687
3030,2018-11-18T08:37:41.197500Z,23,s,0.639,0.003436
3031,2018-11-18T08:38:02.682000Z,20,s,0.495,0.002013
3032,2018-11-18T08:38:47.962500Z,15,s,0.322,0.002132
3033,2018-11-18T08:39:35.031500Z,13,p,0.404,0.002336
3034,2018-11-18T08:39:35.149000Z,13,s,0.839,0.002336
3035,2018-11-18T08:39:37.384500Z,13,s,0.505,0.00338
3036,2018-11-18T08:39:53.654500Z,22,s,0.624,0.004425
3037,2018-11-18T08:40:09.920500Z,20,s,0.375,0.002158
3038,2018-11-18T08:40:09.925500Z,17,s,0.333,0.001738
3039,2018-11-18T08:40:19.119500Z,6,p,0.335,0.001716
3040,2018-11-18T08:41:03.543500Z,20,s,0.518,0.003357
3041,2018-11-18T08:41:10.753000Z,15,p,0.388,0.1222
3042,2018-11-18T08:41:55.770500Z,5,s,0.614,0.002347
3043,2018-11-18T08:42:13.393000Z,19,s,0.613,0.002601
3044,2018-11-18T08:42:16.218000Z,2,p,0.365,0.003741
3045,2018-11-18T08:42:16.385000Z,2,s,0.821,0.003741
3046,2018-11-18T08:43:09.323500Z,5,s,0.769,0.003348
3047,2018-11-18T08:43:12.069500Z,23,s,0.621,0.002565
3048,2018-11-18T08:43:30.120000Z,13,s,0.615,0.002086
3049,2018-11-18T08:43:36.287500Z,19,s,0.386,0.002679
3050,2018-11-18T08:43:41.556000Z,8,s,0.502,0.003132
3051,2018-11-18T08:43:55.449500Z,18,s,0.366,0.002433
3052,2018-11-18T08:45:27.940500Z,20,p,0.566,0.002875
3053,2018-11-18T08:45:28.059000Z,20,s,0.823,0.002875
3054,2018-11-18T08:45:37.032500Z,23,s,0.371,0.003246
3055,2018-11-18T08:46:00.836000Z,15,s,0.495,0.01949
3056,2018-11-18T08:46:08.304500Z,24,p,0.515,0.01375
3057,2018-11-18T08:46:08.355000Z,23,p,0.94,0.01619
3058,2018-11-18T08:46:08.370000Z,20,p,0.452,0.002284
3059,2018-11-18T08:46:08.388000Z,24,s,0.924,0.01375
3060,2018-11-18T08:46:08.394000Z,23,s,0.947,0.01619
3061,2018-11-18T08:46:08.401500Z,22,s,0.544,0.005991
3062,2018-11-18T08:46:08.409500Z,21,s,0.593,0.004395
3063,2018-11-18T08:46:08.418000Z,20,s,0.737,0.002284
3064,2018-11-18T08:46:19.873500Z,11,s,0.693,0.004471
3065,2018-11-18T08:47:22.101500Z,2,p,0.487,0.001752
3066,2018-11-18T08:47:22.176500Z,6,p,0.341,0.001872
3067,2018-11-18T08:47:22.727500Z,5,p,0.368,0.001772
3068,2018-11-18T08:47:22.748500Z,6,p,0.498,0.002044
3069,2018-11-18T08:47:23.198500Z,2,s,0.31,0.00184
3070,2018-11-18T08:47:23.657500Z,24,s,0.691,0.005475
3071,2018-11-18T08:47:54.120500Z,23,s,0.546,0.002632
3072,2018-11-18T08:47:55.613500Z,6,s,0.315,0.001875
3073,2018-11-18T08:48:16.543000Z,21,s,0.711,0.008008
3074,2018-11-18T08:48:16.544500Z,22,s,0.336,0.0069
3075,2018-11-18T08:48:42.894500Z,5,p,0.537,0.001892
3076,2018-11-18T08:48:43.888500Z,5,s,0.384,0.002356
3077,2018-11-18T08:48:46.106500Z,5,p,0.312,0.002097
3078,2018-11-18T08:48:46.492000Z,5,s,0.368,0.002097
3079,2018-11-18T08:49:24.453500Z,8,p,0.405,0.001673
3080,2018-11-18T08:49:24.634500Z,8,s,0.386,0.001673
3081,2018-11-18T08:49:54.330000Z,22,s,0.68,0.005027
3082,2018-11-18T08:50:48.846500Z,20,s,0.547,0.002943
3083,2018-11-18T08:50:49.610000Z,20,p,0.445,0.001546
3084,2018-11-18T08:50:49.951500Z,20,s,0.316,0.001546
3085,2018-11-18T08:51:39.792000Z,4,s,0.821,0.006641
3086,2018-11-18T08:51:58.743500Z,2,p,0.334,0.0032
3087,2018-11-18T08:51:58.810000Z,2,s,0.674,0.0032
3088,2018-11-18T08:52:21.894000Z,5,s,0.812,0.003605
3089,2018-11-18T08:52:47.836500Z,19,p,0.324,0.002562
3090,2018-11-18T08:52:48.668000Z,19,s,0.708,0.003138
3091,2018-11-18T08:53:07.074500Z,20,s,0.569,0.00201
3092,2018-11-18T08:53:18.088500Z,24,s,0.321,0.00473
3093,2018-11-18T08:53:44.820500Z,3,s,0.332,0.002508
3094,2018-11-18T08:54:26.894500Z,11,p,0.309,0.004462
3095,2018-11-18T08:54:26.997000Z,11,s,0.883,0.004462
3096,2018-11-18T08:54:47.328000Z,20,p,0.772,0.002842
3097,2018-11-18T08:54:47.475000Z,20,s,0.784,0.002842
3098,2018-11-18T08:55:58.456500Z,1,s,0.336,0.002541
3099,2018-11-18T08:56:14.150500Z,20,s,0.344,0.001942
3100,2018-11-18T08:56:32.453500Z,15,p,0.385,0.002155
3101,2018-11-18T08:56:32.588500Z,15,s,0.55,0.00179
3102,2018-11-18T08:58:01.512000Z,10,s,0.833,0.01146
3103,2018-11-18T08:59:49.064500Z,22,s,0.395,0.001912
3104,2018-11-18T09:00:10.954500Z,18,s,0.725,0.02025
3105,2018-11-18T09:00:25.587500Z,5,s,0.717,0.003248
3106,2018-11-18T09:00:45.360500Z,19,p,0.443,0.006727
3107,2018-11-18T09:00:45.387500Z,19,s,0.626,0.006727
3108,2018-11-18T09:00:48.824000Z,20,p,0.625,0.002653
3109,2018-11-18T09:00:48.908000Z,20,s,0.852,0.002653
3110,2018-11-18T09:00:56.786000Z,24,p,0.964,0.0145
3111,2018-11-18T09:00:56.791500Z,23,p,0.979,0.01208
3112,2018-11-18T09:00:56.796000Z,22,p,0.956,0.006752
3113,2018-11-18T09:00:56.802000Z,21,p,0.965,0.004679
3114,2018-11-18T09:00:56.807500Z,20,p,0.963,0.004585
3115,2018-11-18T09:00:56.813500Z,19,p,0.954,0.003623
3116,2018-11-18T09:00:56.819500Z,18,p,0.906,0.003837
3117,2018-11-18T09:00:56.825000Z,17,p,0.958,0.004017
3118,2018-11-18T09:00:56.832000Z,16,p,0.729,0.004068
3119,2018-11-18T09:00:56.832500Z,24,s,0.906,0.0145
3120,2018-11-18T09:00:56.841500Z,23,s,0.966,0.01078
3121,2018-11-18T09:00:56.849000Z,13,p,0.864,0.001791
3122,2018-11-18T09:00:56.850000Z,22,s,0.943,0.005234
3123,2018-11-18T09:00:56.861000Z,21,s,0.882,0.003923
3124,2018-11-18T09:00:56.868500Z,20,s,0.902,0.003534
3125,2018-11-18T09:00:56.877000Z,19,s,0.911,0.003623
3126,2018-11-18T09:00:56.891500Z,18,s,0.824,0.003098
3127,2018-11-18T09:00:56.897500Z,17,s,0.781,0.002916
3128,2018-11-18T09:00:56.909500Z,16,s,0.62,0.004068
3129,2018-11-18T09:00:56.919500Z,15,s,0.339,0.001888
3130,2018-11-18T09:00:56.929500Z,14,s,0.553,0.001891
3131,2018-11-18T09:00:56.935000Z,13,s,0.681,0.001619
3132,2018-11-18T09:02:03.276000Z,9,p,0.322,0.00185
3133,2018-11-18T09:02:03.499500Z,9,s,0.32,0.001652
3134,2018-11-18T09:02:07.932500Z,15,s,0.523,0.03377
3135,2018-11-18T09:02:07.935500Z,15,p,0.352,0.03377
3136,2018-11-18T09:02:12.433000Z,15,p,0.642,0.05518
3137,2018-11-18T09:02:28.731500Z,1,s,0.312,0.001533
3138,2018-11-18T09:02:41.967500Z,5,s,0.622,0.002777
3139,2018-11-18T09:03:08.020500Z,21,p,0.492,0.003017
3140,2018-11-18T09:03:08.085500Z,16,p,0.354,0.002903
3141,2018-11-18T09:03:08.087500Z,24,p,0.608,0.004584
3142,2018-11-18T09:03:08.105000Z,23,p,0.969,0.005973
3143,2018-11-18T09:03:08.110500Z,22,p,0.467,0.005092
3144,2018-11-18T09:03:08.122000Z,20,p,0.429,0.00221
3145,2018-11-18T09:03:08.140000Z,24,s,0.88,0.004584
3146,2018-11-18T09:03:08.148500Z,23,s,0.951,0.005973
3147,2018-11-18T09:03:08.155500Z,22,s,0.936,0.005092
3148,2018-11-18T09:03:08.164500Z,21,s,0.518,0.003017
3149,2018-11-18T09:03:08.173500Z,20,s,0.568,0.00221
3150,2018-11-18T09:03:08.203500Z,17,s,0.603,0.002057
3151,2018-11-18T09:03:08.215000Z,16,s,0.874,0.002903
3152,2018-11-18T09:03:08.221500Z,15,s,0.302,0.001617
3153,2018-11-18T09:03:08.244000Z,13,s,0.392,0.002623
3154,2018-11-18T09:03:08.281500Z,9,s,0.334,0.002047
3155,2018-11-18T09:03:08.292000Z,8,s,0.707,0.001822
3156,2018-11-18T09:03:08.840500Z,11,s,0.687,0.006616
3157,2018-11-18T09:03:35.417500Z,19,s,0.504,0.002067
3158,2018-11-18T09:03:44.952000Z,22,p,0.337,0.004463
3159,2018-11-18T09:03:45.054500Z,22,s,0.42,0.004463
3160,2018-11-18T09:03:52.748000Z,11,s,0.821,0.003527
3161,2018-11-18T09:03:54.532000Z,20,s,0.508,0.001595
3162,2018-11-18T09:04:03.359500Z,19,s,0.336,0.001885
3163,2018-11-18T09:04:40.743500Z,5,p,0.308,0.003067
3164,2018-11-18T09:04:40.842000Z,5,s,0.825,0.003067
3165,2018-11-18T09:05:11.134500Z,2,p,0.358,0.001691
3166,2018-11-18T09:05:14.174500Z,24,s,0.303,0.004029
3167,2018-11-18T09:05:48.129500Z,20,s,0.448,0.00174
3168,2018-11-18T09:06:19.539500Z,23,s,0.79,0.003405
3169,2018-11-18T09:06:35.844500Z,16,p,0.592,0.002761
3170,2018-11-18T09:06:35.926000Z,16,s,0.647,0.002761
3171,2018-11-18T09:07:10.955500Z,23,s,0.321,0.001592
3172,2018-11-18T09:07:21.499500Z,20,s,0.613,0.002167
3173,2018-11-18T09:07:52.366500Z,1,s,0.703,0.002078
3174,2018-11-18T09:08:00.151500Z,23,s,0.304,0.002896
3175,2018-11-18T09:08:46.620500Z,20,s,0.606,0.002
3176,2018-11-18T09:08:57.920500Z,5,s,0.767,0.003027
3177,2018-11-18T09:09:37.349500Z,16,s,0.305,0.001656
3178,2018-11-18T09:10:35.039000Z,24,p,0.982,0.2257
3179,2018-11-18T09:10:35.044500Z,23,p,0.983,0.4449
3180,2018-11-18T09:10:35.051500Z,22,p,0.983,0.3681
3181,2018-11-18T09:10:35.057500Z,21,p,0.987,0.2038
3182,2018-11-18T09:10:35.063500Z,20,p,0.986,0.155
3183,2018-11-18T09:10:35.068500Z,19,p,0.981,0.08081
3184,2018-11-18T09:10:35.075500Z,18,p,0.988,0.0627
3185,2018-11-18T09:10:35.081500Z,17,p,0.987,0.1023
3186,2018-11-18T09:10:35.083500Z,24,s,0.948,0.2257
3187,2018-11-18T09:10:35.086500Z,16,p,0.983,0.08277
3188,2018-11-18T09:10:35.092000Z,15,p,0.987,0.07766
3189,2018-11-18T09:10:35.093500Z,23,s,0.968,0.4449
3190,2018-11-18T09:10:35.098000Z,14,p,0.983,0.0406
3191,2018-11-18T09:10:35.103500Z,22,s,0.967,0.3681
3192,2018-11-18T09:10:35.105500Z,13,p,0.985,0.03715
3193,2018-11-18T09:10:35.111500Z,12,p,0.981,0.04172
3194,2018-11-18T09:10:35.113000Z,21,s,0.964,0.2038
3195,2018-11-18T09:10:35.116000Z,11,p,0.982,0.02559
3196,2018-11-18T09:10:35.122500Z,10,p,0.983,0.03107
3197,2018-11-18T09:10:35.124000Z,20,s,0.958,0.155
3198,2018-11-18T09:10:35.129000Z,9,p,0.98,0.04831
3199,2018-11-18T09:10:35.132500Z,19,s,0.96,0.08081
3200,2018-11-18T09:10:35.134500Z,8,p,0.987,0.03246
3201,2018-11-18T09:10:35.139500Z,7,p,0.974,0.02107
3202,2018-11-18T09:10:35.143500Z,18,s,0.969,0.0627
3203,2018-11-18T09:10:35.146000Z,6,p,0.984,0.0185
3204,2018-11-18T09:10:35.151000Z,5,p,0.977,0.01391
3205,2018-11-18T09:10:35.154000Z,17,s,0.957,0.1023
3206,2018-11-18T09:10:35.157500Z,4,p,0.982,0.02087
3207,2018-11-18T09:10:35.164000Z,3,p,0.977,0.02354
3208,2018-11-18T09:10:35.164000Z,16,s,0.953,0.08277
3209,2018-11-18T09:10:35.170000Z,2,p,0.966,0.02054
3210,2018-11-18T09:10:35.171000Z,15,s,0.885,0.07766
3211,2018-11-18T09:10:35.175000Z,1,p,0.973,0.0173
3212,2018-11-18T09:10:35.183500Z,14,s,0.929,0.0406
3213,2018-11-18T09:10:35.195000Z,13,s,0.959,0.03715
3214,2018-11-18T09:10:35.204500Z,12,s,0.92,0.04172
3215,2018-11-18T09:10:35.213500Z,11,s,0.916,0.02559
3216,2018-11-18T09:10:35.223500Z,10,s,0.946,0.03107
3217,2018-11-18T09:10:35.233500Z,9,s,0.963,0.04831
3218,2018-11-18T09:10:35.242500Z,8,s,0.949,0.03246
3219,2018-11-18T09:10:35.250500Z,7,s,0.912,0.02107
3220,2018-11-18T09:10:35.261000Z,6,s,0.921,0.0185
3221,2018-11-18T09:10:35.272500Z,5,s,0.931,0.01391
3222,2018-11-18T09:10:35.281000Z,4,s,0.941,0.02087
3223,2018-11-18T09:10:35.293000Z,3,s,0.954,0.02354
3224,2018-11-18T09:10:35.303000Z,2,s,0.913,0.02054
3225,2018-11-18T09:10:35.312500Z,1,s,0.913,0.0173
3226,2018-11-18T09:10:52.120000Z,20,s,0.603,0.003208
3227,2018-11-18T09:11:02.184500Z,11,s,0.303,0.004451
3228,2018-11-18T09:11:46.250500Z,20,s,0.416,0.001707
3229,2018-11-18T09:12:34.637500Z,5,s,0.51,0.002247
3230,2018-11-18T09:13:31.973500Z,18,s,0.438,0.004261
3231,2018-11-18T09:13:46.406500Z,22,p,0.511,0.004875
3232,2018-11-18T09:13:46.493500Z,22,s,0.781,0.004875
3233,2018-11-18T09:13:47.074500Z,2,s,0.385,0.0021
3234,2018-11-18T09:14:52.261500Z,17,s,0.51,0.004089
3235,2018-11-18T09:15:16.895500Z,20,s,0.473,0.001952
3236,2018-11-18T09:15:44.615500Z,5,p,0.303,0.003502
3237,2018-11-18T09:15:44.712000Z,5,s,0.869,0.003502
3238,2018-11-18T09:15:50.221500Z,24,p,0.882,0.0138
3239,2018-11-18T09:15:50.226000Z,23,p,0.943,0.01153
3240,2018-11-18T09:15:50.231000Z,22,p,0.955,0.007953
3241,2018-11-18T09:15:50.236000Z,21,p,0.957,0.006489
3242,2018-11-18T09:15:50.241500Z,20,p,0.976,0.00487
3243,2018-11-18T09:15:50.247000Z,19,p,0.97,0.003273
3244,2018-11-18T09:15:50.252500Z,18,p,0.524,0.002989
3245,2018-11-18T09:15:50.256500Z,17,p,0.615,0.002639
3246,2018-11-18T09:15:50.264000Z,16,p,0.853,0.002149
3247,2018-11-18T09:15:50.272500Z,14,p,0.637,0.003063
3248,2018-11-18T09:15:50.273000Z,24,s,0.962,0.0138
3249,2018-11-18T09:15:50.280000Z,23,s,0.949,0.01153
3250,2018-11-18T09:15:50.280500Z,13,p,0.967,0.002854
3251,2018-11-18T09:15:50.284500Z,12,p,0.514,0.001865
3252,2018-11-18T09:15:50.289000Z,22,s,0.935,0.007953
3253,2018-11-18T09:15:50.297500Z,21,s,0.919,0.006489
3254,2018-11-18T09:15:50.305500Z,20,s,0.916,0.00487
3255,2018-11-18T09:15:50.313500Z,19,s,0.955,0.003273
3256,2018-11-18T09:15:50.324000Z,18,s,0.365,0.002989
3257,2018-11-18T09:15:50.329500Z,17,s,0.642,0.002639
3258,2018-11-18T09:15:50.339000Z,16,s,0.766,0.002146
3259,2018-11-18T09:15:50.355500Z,15,s,0.464,0.002401
3260,2018-11-18T09:15:50.363500Z,14,s,0.744,0.003063
3261,2018-11-18T09:15:50.373000Z,13,s,0.904,0.001921
3262,2018-11-18T09:15:50.382500Z,12,s,0.492,0.001778
3263,2018-11-18T09:16:20.646500Z,23,s,0.516,0.002325
3264,2018-11-18T09:16:20.906500Z,20,s,0.599,0.002493
3265,2018-11-18T09:16:32.639500Z,6,s,0.336,0.001885
3266,2018-11-18T09:18:43.317500Z,18,s,0.399,0.00262
3267,2018-11-18T09:18:44.183500Z,20,s,0.443,0.00165
3268,2018-11-18T09:19:19.205500Z,11,s,0.566,0.003977
3269,2018-11-18T09:19:49.720500Z,20,p,0.451,0.002021
3270,2018-11-18T09:20:02.358000Z,6,s,0.328,0.001543
3271,2018-11-18T09:20:29.737500Z,20,s,0.651,0.002525
3272,2018-11-18T09:20:42.360500Z,5,s,0.747,0.002737
3273,2018-11-18T09:21:11.119500Z,5,p,0.483,0.00236
3274,2018-11-18T09:21:11.240500Z,5,s,0.782,0.00236
3275,2018-11-18T09:21:11.495000Z,20,s,0.841,0.002912
3276,2018-11-18T09:21:15.963500Z,15,s,0.375,0.03222
3277,2018-11-18T09:21:15.968000Z,15,p,0.478,0.03222
3278,2018-11-18T09:21:50.685500Z,20,p,0.554,0.001739
3279,2018-11-18T09:21:50.917500Z,20,s,0.562,0.001664
3280,2018-11-18T09:21:58.573500Z,17,s,0.462,0.001803
3281,2018-11-18T09:22:24.296500Z,22,s,0.347,0.002152
3282,2018-11-18T09:24:38.551500Z,22,s,0.469,0.002051
3283,2018-11-18T09:25:16.117500Z,22,s,0.791,0.002136
3284,2018-11-18T09:25:35.216500Z,5,s,0.468,0.002414
3285,2018-11-18T09:26:19.957500Z,20,p,0.44,0.002407
3286,2018-11-18T09:26:20.193000Z,20,s,0.873,0.002407
3287,2018-11-18T09:26:26.045500Z,17,s,0.563,0.00236
3288,2018-11-18T09:26:31.618500Z,2,s,0.636,0.001983
3289,2018-11-18T09:26:55.308500Z,20,p,0.304,0.002383
3290,2018-11-18T09:26:55.349500Z,16,p,0.73,0.01451
3291,2018-11-18T09:26:55.352500Z,15,s,0.426,0.00461
3292,2018-11-18T09:26:55.353500Z,15,p,0.3,0.00461
3293,2018-11-18T09:26:55.363000Z,16,s,0.764,0.01451
3294,2018-11-18T09:26:55.373500Z,14,s,0.539,0.005586
3295,2018-11-18T09:26:55.378500Z,17,s,0.752,0.006858
3296,2018-11-18T09:26:55.390500Z,13,p,0.684,0.02404
3297,2018-11-18T09:26:55.394500Z,13,s,0.391,0.02404
3298,2018-11-18T09:26:55.395500Z,24,p,0.351,0.005856
3299,2018-11-18T09:26:55.404000Z,18,s,0.621,0.007686
3300,2018-11-18T09:26:55.417000Z,12,s,0.905,0.01682
3301,2018-11-18T09:26:55.437000Z,11,s,0.83,0.007397
3302,2018-11-18T09:26:55.441500Z,8,p,0.503,0.005212
3303,2018-11-18T09:26:55.442500Z,20,s,0.642,0.002383
3304,2018-11-18T09:26:55.452500Z,23,p,0.404,0.002451
3305,2018-11-18T09:26:55.477500Z,9,s,0.769,0.002165
3306,2018-11-18T09:26:55.483500Z,22,s,0.778,0.003995
3307,2018-11-18T09:26:55.498000Z,8,s,0.696,0.005212
3308,2018-11-18T09:26:55.505000Z,23,s,0.847,0.002451
3309,2018-11-18T09:26:55.523000Z,24,s,0.856,0.005856
3310,2018-11-18T09:26:55.582500Z,4,s,0.635,0.002721
3311,2018-11-18T09:26:55.652000Z,1,s,0.572,0.001596
3312,2018-11-18T09:27:11.557500Z,11,s,0.708,0.003215
3313,2018-11-18T09:28:49.972000Z,5,s,0.635,0.002459
3314,2018-11-18T09:29:22.919500Z,20,s,0.405,0.002018
3315,2018-11-18T09:29:36.737500Z,24,p,0.574,0.004782
3316,2018-11-18T09:29:36.868500Z,24,s,0.583,0.004782
3317,2018-11-18T09:30:15.800500Z,3,p,0.304,0.00299
3318,2018-11-18T09:30:15.925500Z,3,s,0.308,0.00299
3319,2018-11-18T09:30:59.928500Z,5,s,0.588,0.002668
3320,2018-11-18T09:31:44.403500Z,4,s,0.342,0.002124
3321,2018-11-18T09:31:44.404000Z,4,p,0.408,0.002124
3322,2018-11-18T09:31:54.701500Z,2,s,0.359,0.001786
3323,2018-11-18T09:31:55.870500Z,20,p,0.315,0.003551
3324,2018-11-18T09:31:56.036000Z,20,s,0.674,0.003551
3325,2018-11-18T09:32:21.317500Z,4,s,0.399,0.001403
3326,2018-11-18T09:32:23.032000Z,4,s,0.719,0.006568
3327,2018-11-18T09:32:47.653500Z,8,s,0.302,0.00258
3328,2018-11-18T09:33:08.448000Z,19,s,0.355,0.003315
3329,2018-11-18T09:33:08.956000Z,5,s,0.646,0.002384
3330,2018-11-18T09:33:17.307500Z,4,s,0.33,0.00177
3331,2018-11-18T09:33:55.480500Z,23,s,0.54,0.003051
3332,2018-11-18T09:34:00.027500Z,1,p,0.71,0.003288
3333,2018-11-18T09:34:00.129000Z,1,s,0.802,0.003288
3334,2018-11-18T09:35:47.577500Z,20,s,0.689,0.002204
3335,2018-11-18T09:35:49.966000Z,11,s,0.492,0.003895
3336,2018-11-18T09:36:14.032500Z,5,s,0.427,0.002313
3337,2018-11-18T09:36:21.436500Z,20,s,0.667,0.002953
3338,2018-11-18T09:36:47.205500Z,8,s,0.516,0.003409
3339,2018-11-18T09:36:52.993500Z,5,s,0.58,0.002617
3340,2018-11-18T09:38:04.304500Z,6,s,0.46,0.001831
3341,2018-11-18T09:38:37.742000Z,10,s,0.319,0.001933
3342,2018-11-18T09:38:41.884000Z,20,s,0.412,0.001859
3343,2018-11-18T09:40:00.565500Z,20,s,0.531,0.002173
3344,2018-11-18T09:41:42.420000Z,20,p,0.411,0.003208
3345,2018-11-18T09:41:42.633000Z,20,s,0.76,0.003208
3346,2018-11-18T09:41:45.354500Z,5,p,0.369,0.002019
3347,2018-11-18T09:42:04.265500Z,24,s,0.323,0.00455
3348,2018-11-18T09:42:33.204000Z,14,p,0.366,0.00193
3349,2018-11-18T09:42:54.933000Z,5,s,0.801,0.002847
3350,2018-11-18T09:43:35.951500Z,5,s,0.73,0.002707
3351,2018-11-18T09:43:46.034000Z,4,p,0.323,0.001839
3352,2018-11-18T09:43:46.045500Z,5,p,0.311,0.002219
3353,2018-11-18T09:43:46.063500Z,6,s,0.374,0.001669
3354,2018-11-18T09:43:46.204500Z,12,s,0.566,0.002086
3355,2018-11-18T09:44:00.897500Z,22,p,0.349,0.002335
3356,2018-11-18T09:44:01.024000Z,22,s,0.728,0.002335
3357,2018-11-18T09:44:07.463500Z,11,p,0.47,0.003561
3358,2018-11-18T09:44:07.540000Z,11,s,0.719,0.003561
3359,2018-11-18T09:45:05.964000Z,19,s,0.418,0.003665
3360,2018-11-18T09:45:07.360000Z,1,p,0.751,0.00168
3361,2018-11-18T09:45:07.525500Z,1,s,0.585,0.00168
3362,2018-11-18T09:45:18.044500Z,20,p,0.598,0.003277
3363,2018-11-18T09:45:18.152000Z,20,s,0.713,0.003277
3364,2018-11-18T09:45:20.268500Z,3,p,0.319,0.004484
3365,2018-11-18T09:46:31.157500Z,20,p,0.529,0.002391
3366,2018-11-18T09:46:31.443000Z,20,s,0.853,0.002391
3367,2018-11-18T09:48:48.022000Z,20,p,0.443,0.001868
3368,2018-11-18T09:48:48.269500Z,20,s,0.453,0.001642
3369,2018-11-18T09:49:46.637500Z,1,s,0.393,0.001577
3370,2018-11-18T09:49:59.010500Z,20,p,0.55,0.001833
3371,2018-11-18T09:49:59.269500Z,20,s,0.514,0.001833
3372,2018-11-18T09:50:17.644500Z,1,p,0.579,0.001955
3373,2018-11-18T09:50:17.735500Z,1,s,0.451,0.001955
3374,2018-11-18T09:50:20.324000Z,5,s,0.321,0.002216
3375,2018-11-18T09:50:40.601500Z,24,p,0.909,0.01185
3376,2018-11-18T09:50:40.605500Z,23,p,0.978,0.007925
3377,2018-11-18T09:50:40.611000Z,22,p,0.918,0.004916
3378,2018-11-18T09:50:40.615500Z,21,p,0.931,0.005231
3379,2018-11-18T09:50:40.620000Z,20,p,0.904,0.003949
3380,2018-11-18T09:50:40.626500Z,19,p,0.973,0.0031
3381,2018-11-18T09:50:40.632000Z,18,p,0.891,0.003114
3382,2018-11-18T09:50:40.635500Z,17,p,0.935,0.003179
3383,2018-11-18T09:50:40.643000Z,16,p,0.906,0.002395
3384,2018-11-18T09:50:40.659500Z,13,p,0.947,0.002055
3385,2018-11-18T09:50:40.663500Z,12,p,0.623,0.001827
3386,2018-11-18T09:50:40.670500Z,24,s,0.952,0.01185
3387,2018-11-18T09:50:40.678500Z,23,s,0.958,0.007925
3388,2018-11-18T09:50:40.685500Z,22,s,0.928,0.004916
3389,2018-11-18T09:50:40.694500Z,21,s,0.927,0.005231
3390,2018-11-18T09:50:40.703500Z,20,s,0.93,0.003949
3391,2018-11-18T09:50:40.711000Z,19,s,0.935,0.0031
3392,2018-11-18T09:50:40.720000Z,18,s,0.717,0.003114
3393,2018-11-18T09:50:40.729000Z,17,s,0.904,0.003179
3394,2018-11-18T09:50:40.740000Z,16,s,0.741,0.002395
3395,2018-11-18T09:50:40.767500Z,13,s,0.848,0.001781
3396,2018-11-18T09:50:40.773500Z,12,s,0.436,0.001827
3397,2018-11-18T09:50:43.435500Z,5,s,0.798,0.003444
3398,2018-11-18T09:50:56.581500Z,5,s,0.682,0.003245
3399,2018-11-18T09:51:17.436500Z,22,s,0.549,0.00473
3400,2018-11-18T09:51:18.244000Z,20,p,0.362,0.001792
3401,2018-11-18T09:51:18.375000Z,20,s,0.455,0.001792
3402,2018-11-18T09:51:23.195500Z,5,s,0.351,0.002047
3403,2018-11-18T09:51:48.480500Z,8,s,0.386,0.00325
3404,2018-11-18T09:51:49.404500Z,20,s,0.505,0.003048
3405,2018-11-18T09:52:43.653500Z,14,p,0.386,0.001949
3406,2018-11-18T09:53:02.959500Z,1,s,0.427,0.002273
3407,2018-11-18T09:53:06.497000Z,11,s,0.797,0.004439
3408,2018-11-18T09:53:27.459500Z,23,s,0.507,0.003252
3409,2018-11-18T09:55:31.856500Z,19,s,0.58,0.00171
3410,2018-11-18T09:56:22.880500Z,7,p,0.345,0.001816
3411,2018-11-18T09:56:34.540000Z,5,p,0.338,0.003081
3412,2018-11-18T09:56:34.733500Z,5,s,0.761,0.003081
3413,2018-11-18T09:56:50.245500Z,15,s,0.337,0.002778
3414,2018-11-18T09:57:05.872500Z,23,s,0.559,0.002379
3415,2018-11-18T09:57:23.977500Z,5,s,0.48,0.002335
3416,2018-11-18T09:57:25.631500Z,23,p,0.404,0.003453
3417,2018-11-18T09:57:25.728500Z,23,s,0.539,0.003453
3418,2018-11-18T09:57:25.975500Z,20,p,0.493,0.00342
3419,2018-11-18T09:57:26.106500Z,20,s,0.674,0.00342
3420,2018-11-18T09:58:10.629500Z,21,s,0.336,0.001708
3421,2018-11-18T09:58:46.027000Z,3,s,0.314,0.003741
3422,2018-11-18T09:58:54.338500Z,10,p,0.967,0.05995
3423,2018-11-18T09:58:54.341000Z,11,p,0.962,0.05594
3424,2018-11-18T10:00:23.443000Z,11,s,0.86,0.00344
3425,2018-11-18T10:00:42.589500Z,24,s,0.458,0.00458
3426,2018-11-18T10:00:57.198000Z,20,p,0.712,0.002236
3427,2018-11-18T10:00:57.334500Z,20,s,0.551,0.002236
3428,2018-11-18T10:01:17.376500Z,8,s,0.561,0.002211
3429,2018-11-18T10:01:44.405500Z,20,s,0.747,0.002723
3430,2018-11-18T10:02:20.317500Z,5,s,0.485,0.002915
3431,2018-11-18T10:03:30.413500Z,20,s,0.345,0.001703
3432,2018-11-18T10:03:34.532500Z,22,s,0.527,0.005663
3433,2018-11-18T10:04:05.449500Z,15,s,0.383,0.02384
3434,2018-11-18T10:04:05.454500Z,15,p,0.304,0.02384
3435,2018-11-18T10:04:11.265500Z,22,s,0.443,0.002101
3436,2018-11-18T10:06:28.860000Z,23,s,0.624,0.002948
3437,2018-11-18T10:06:44.135500Z,24,s,0.523,0.006373
3438,2018-11-18T10:06:52.678500Z,20,s,0.416,0.002123
3439,2018-11-18T10:06:58.465000Z,20,s,0.774,0.003441
3440,2018-11-18T10:07:58.583500Z,6,s,0.366,0.001823
3441,2018-11-18T10:08:45.582500Z,23,s,0.487,0.002708
3442,2018-11-18T10:09:23.324500Z,3,s,0.39,0.002916
3443,2018-11-18T10:10:07.210000Z,11,s,0.732,0.00559
3444,2018-11-18T10:10:21.506500Z,10,p,0.426,0.002024
3445,2018-11-18T10:10:41.742500Z,4,p,0.406,0.00182
3446,2018-11-18T10:10:43.323500Z,5,p,0.705,0.003229
3447,2018-11-18T10:10:43.429000Z,5,s,0.781,0.003229
3448,2018-11-18T10:10:58.855500Z,4,p,0.398,0.002325
3449,2018-11-18T10:11:23.062000Z,16,p,0.362,0.002011
3450,2018-11-18T10:11:35.537500Z,16,p,0.353,0.001826
3451,2018-11-18T10:11:43.125500Z,23,s,0.443,0.001735
3452,2018-11-18T10:11:52.885500Z,5,s,0.473,0.002724
3453,2018-11-18T10:12:03.622500Z,1,s,0.609,0.003003
3454,2018-11-18T10:12:13.872500Z,8,p,0.325,0.002552
3455,2018-11-18T10:12:13.984500Z,8,s,0.612,0.002552
3456,2018-11-18T10:12:32.746500Z,20,s,0.643,0.003643
3457,2018-11-18T10:12:46.884500Z,15,s,0.514,0.02715
3458,2018-11-18T10:12:46.888500Z,15,p,0.438,0.02715
3459,2018-11-18T10:12:51.980500Z,19,s,0.416,0.002946
3460,2018-11-18T10:12:52.329500Z,4,s,0.562,0.005813
3461,2018-11-18T10:13:07.034500Z,19,s,0.318,0.002423
3462,2018-11-18T10:13:41.316000Z,19,s,0.541,0.003241
3463,2018-11-18T10:13:51.494500Z,2,s,0.822,0.004424
3464,2018-11-18T10:14:27.920500Z,8,s,0.416,0.002973
3465,2018-11-18T10:15:09.046500Z,5,p,0.352,0.002535
3466,2018-11-18T10:15:09.180000Z,5,s,0.755,0.002535
3467,2018-11-18T10:15:14.574500Z,7,p,0.504,0.01766
3468,2018-11-18T10:15:14.580500Z,8,p,0.632,0.0031
3469,2018-11-18T10:15:14.667500Z,8,s,0.492,0.001465
3470,2018-11-18T10:16:49.342000Z,3,s,0.658,0.003241
3471,2018-11-18T10:16:49.580500Z,20,p,0.537,0.00291
3472,2018-11-18T10:16:49.758000Z,20,s,0.815,0.00291
3473,2018-11-18T10:17:57.556000Z,11,p,0.43,0.003582
3474,2018-11-18T10:17:57.665500Z,11,s,0.73,0.003582
3475,2018-11-18T10:18:25.754000Z,24,s,0.515,0.00453
3476,2018-11-18T10:18:42.188000Z,22,s,0.573,0.002123
3477,2018-11-18T10:18:55.148000Z,19,s,0.746,0.002661
3478,2018-11-18T10:19:31.886000Z,5,s,0.651,0.002657
3479,2018-11-18T10:20:07.210000Z,20,p,0.437,0.001812
3480,2018-11-18T10:20:14.933500Z,19,s,0.452,0.002224
3481,2018-11-18T10:20:17.186000Z,5,s,0.908,0.003413
3482,2018-11-18T10:20:23.791500Z,5,p,0.428,0.006309
3483,2018-11-18T10:20:23.912000Z,5,s,0.933,0.006309
3484,2018-11-18T10:21:41.016000Z,4,p,0.752,0.001849
3485,2018-11-18T10:21:41.141500Z,4,s,0.309,0.001849
3486,2018-11-18T10:22:02.588500Z,20,s,0.764,0.002552
3487,2018-11-18T10:23:05.921000Z,2,s,0.76,0.002555
3488,2018-11-18T10:23:16.363500Z,20,p,0.79,0.001938
3489,2018-11-18T10:23:16.578500Z,20,s,0.664,0.001938
3490,2018-11-18T10:23:52.159500Z,19,s,0.452,0.00228
3491,2018-11-18T10:24:36.648000Z,1,s,0.824,0.002461
3492,2018-11-18T10:24:37.288500Z,24,s,0.365,0.004975
3493,2018-11-18T10:24:40.897500Z,19,s,0.347,0.001786
3494,2018-11-18T10:25:34.147500Z,22,s,0.677,0.004836
3495,2018-11-18T10:26:07.341500Z,11,s,0.424,0.003778
3496,2018-11-18T10:27:37.256500Z,20,s,0.791,0.003552
3497,2018-11-18T10:27:37.861500Z,22,s,0.383,0.001973
3498,2018-11-18T10:28:18.150500Z,20,p,0.438,0.004756
3499,2018-11-18T10:28:18.170500Z,20,s,0.635,0.002924
3500,2018-11-18T10:28:50.252500Z,5,p,0.406,0.002725
3501,2018-11-18T10:28:50.366000Z,5,s,0.573,0.002725
3502,2018-11-18T10:29:07.345500Z,1,s,0.441,0.002213
3503,2018-11-18T10:29:24.075500Z,19,s,0.361,0.001949
3504,2018-11-18T10:29:39.501500Z,16,p,0.347,0.002486
3505,2018-11-18T10:29:51.645500Z,19,p,0.305,0.002553
3506,2018-11-18T10:29:51.692000Z,24,s,0.786,0.00566
3507,2018-11-18T10:29:51.699500Z,23,s,0.647,0.005214
3508,2018-11-18T10:29:51.711000Z,22,s,0.923,0.004509
3509,2018-11-18T10:29:51.717500Z,21,p,0.306,0.003404
3510,2018-11-18T10:29:51.736500Z,19,s,0.566,0.002553
3511,2018-11-18T10:29:51.757000Z,17,s,0.726,0.00295
3512,2018-11-18T10:30:02.789500Z,23,s,0.585,0.00325
3513,2018-11-18T10:30:02.888000Z,5,s,0.822,0.004047
3514,2018-11-18T10:30:36.800500Z,24,s,0.3,0.005511
3515,2018-11-18T10:31:03.500500Z,8,s,0.402,0.002762
3516,2018-11-18T10:31:10.429500Z,1,p,0.558,0.002478
3517,2018-11-18T10:31:10.524000Z,1,s,0.681,0.002478
3518,2018-11-18T10:31:28.000500Z,2,p,0.661,0.002286
3519,2018-11-18T10:31:28.094500Z,6,p,0.426,0.002708
3520,2018-11-18T10:31:28.101500Z,5,p,0.716,0.002163
3521,2018-11-18T10:31:28.102500Z,4,s,0.658,0.004598
3522,2018-11-18T10:31:28.105500Z,1,s,0.739,0.002663
3523,2018-11-18T10:31:28.106000Z,2,s,0.821,0.002286
3524,2018-11-18T10:31:28.106500Z,3,s,0.807,0.002808
3525,2018-11-18T10:31:28.110000Z,21,p,0.356,0.002056
3526,2018-11-18T10:31:28.120500Z,8,p,0.557,0.002617
3527,2018-11-18T10:31:28.120500Z,15,p,0.846,0.002223
3528,2018-11-18T10:31:28.122500Z,10,p,0.366,0.002269
3529,2018-11-18T10:31:28.122500Z,9,p,0.638,0.002799
3530,2018-11-18T10:31:28.122500Z,17,p,0.469,0.002588
3531,2018-11-18T10:31:28.124500Z,11,p,0.482,0.003048
3532,2018-11-18T10:31:28.125000Z,7,p,0.822,0.002646
3533,2018-11-18T10:31:28.125500Z,12,p,0.786,0.00262
3534,2018-11-18T10:31:28.125500Z,16,p,0.789,0.002023
3535,2018-11-18T10:31:28.126500Z,22,p,0.605,0.002003
3536,2018-11-18T10:31:28.127500Z,14,p,0.779,0.003085
3537,2018-11-18T10:31:28.129000Z,20,p,0.687,0.003002
3538,2018-11-18T10:31:28.129000Z,19,p,0.669,0.002284
3539,2018-11-18T10:31:28.131500Z,24,p,0.475,0.002929
3540,2018-11-18T10:31:28.134500Z,23,p,0.38,0.002331
3541,2018-11-18T10:31:28.139500Z,23,s,0.437,0.002331
3542,2018-11-18T10:31:28.519500Z,6,s,0.325,0.002098
3543,2018-11-18T10:31:28.522500Z,7,s,0.44,0.002133
3544,2018-11-18T10:31:28.530000Z,4,p,0.394,0.002146
3545,2018-11-18T10:31:28.536500Z,1,s,0.458,0.002404
3546,2018-11-18T10:31:28.537000Z,3,s,0.364,0.002636
3547,2018-11-18T10:31:28.538500Z,2,s,0.699,0.002302
3548,2018-11-18T10:31:28.554500Z,20,s,0.459,0.003695
3549,2018-11-18T10:31:28.558000Z,9,s,0.483,0.002799
3550,2018-11-18T10:31:28.558500Z,19,s,0.377,0.002895
3551,2018-11-18T10:31:28.562500Z,21,s,0.505,0.002224
3552,2018-11-18T10:31:28.564000Z,8,s,0.487,0.002617
3553,2018-11-18T10:31:28.569000Z,10,s,0.657,0.002135
3554,2018-11-18T10:31:28.572000Z,11,s,0.544,0.004466
3555,2018-11-18T10:31:28.574500Z,17,s,0.337,0.002588
3556,2018-11-18T10:31:28.578500Z,23,s,0.38,0.002118
3557,2018-11-18T10:31:28.580500Z,14,s,0.313,0.003085
3558,2018-11-18T10:31:28.580500Z,15,s,0.414,0.002223
3559,2018-11-18T10:31:28.582500Z,13,s,0.314,0.002987
3560,2018-11-18T10:31:28.582500Z,22,s,0.431,0.002483
3561,2018-11-18T10:31:28.586500Z,16,s,0.374,0.002306
3562,2018-11-18T10:31:28.590500Z,24,s,0.31,0.003526
3563,2018-11-18T10:31:44.116000Z,20,s,0.785,0.002331
3564,2018-11-18T10:32:21.181000Z,1,s,0.816,0.00216
3565,2018-11-18T10:32:29.008500Z,16,s,0.648,0.002105
3566,2018-11-18T10:32:30.363500Z,23,p,0.325,0.00405
3567,2018-11-18T10:32:30.444000Z,23,s,0.666,0.00405
3568,2018-11-18T10:32:48.004500Z,1,p,0.579,0.001592
3569,2018-11-18T10:32:48.125500Z,1,s,0.527,0.001592
3570,2018-11-18T10:33:45.320500Z,11,s,0.813,0.003736
3571,2018-11-18T10:34:16.853500Z,20,s,0.764,0.002222
3572,2018-11-18T10:34:45.525500Z,13,s,0.796,0.002809
3573,2018-11-18T10:36:58.162500Z,20,s,0.875,0.002561
3574,2018-11-18T10:36:59.037000Z,5,s,0.721,0.003602
3575,2018-11-18T10:37:05.405500Z,3,s,0.452,0.003612
3576,2018-11-18T10:37:33.656000Z,23,p,0.447,0.002834
3577,2018-11-18T10:38:00.095500Z,24,s,0.308,0.003981
3578,2018-11-18T10:38:29.441000Z,15,p,0.528,0.01049
3579,2018-11-18T10:38:32.670000Z,23,s,0.313,0.002356
3580,2018-11-18T10:39:06.772500Z,22,s,0.367,0.004826
3581,2018-11-18T10:39:45.040500Z,17,s,0.84,0.004552
3582,2018-11-18T10:40:00.139000Z,10,s,0.866,0.006636
3583,2018-11-18T10:40:30.628000Z,19,s,0.735,0.003247
3584,2018-11-18T10:41:47.216500Z,15,p,0.411,0.008282
3585,2018-11-18T10:42:02.855500Z,11,s,0.747,0.004702
3586,2018-11-18T10:42:28.871000Z,20,s,0.607,0.003647
3587,2018-11-18T10:43:41.841000Z,5,s,0.683,0.003334
3588,2018-11-18T10:43:50.479500Z,3,p,0.314,0.002992
3589,2018-11-18T10:43:50.560500Z,3,s,0.719,0.002992
3590,2018-11-18T10:44:18.691500Z,5,s,0.44,0.002539
3591,2018-11-18T10:44:42.029500Z,17,s,0.717,0.002452
3592,2018-11-18T10:46:05.741500Z,1,p,0.417,0.001753
3593,2018-11-18T10:46:14.741500Z,10,p,0.329,0.002148
3594,2018-11-18T10:46:42.636500Z,20,p,0.565,0.003211
3595,2018-11-18T10:46:42.838000Z,20,s,0.774,0.003211
3596,2018-11-18T10:47:00.809500Z,15,p,0.545,0.06988
3597,2018-11-18T10:47:00.812000Z,15,s,0.411,0.06988
3598,2018-11-18T10:48:08.237500Z,17,p,0.494,0.002172
3599,2018-11-18T10:48:08.351000Z,17,s,0.809,0.002172
3600,2018-11-18T10:48:36.988500Z,3,s,0.415,0.002897
3601,2018-11-18T10:48:49.179500Z,23,s,0.563,0.002694
3602,2018-11-18T10:49:10.541500Z,17,s,0.453,0.003041
3603,2018-11-18T10:49:55.157500Z,11,p,0.342,0.001795
3604,2018-11-18T10:50:07.536500Z,24,s,0.513,0.004395
3605,2018-11-18T10:50:29.698500Z,6,s,0.323,0.003307
3606,2018-11-18T10:50:29.809500Z,8,s,0.301,0.00208
3607,2018-11-18T10:50:29.940000Z,17,s,0.433,0.001834
3608,2018-11-18T10:50:29.999500Z,19,s,0.31,0.001778
3609,2018-11-18T10:50:45.035500Z,11,p,0.355,0.003637
3610,2018-11-18T10:50:45.120500Z,11,s,0.345,0.003637
3611,2018-11-18T10:51:02.693500Z,3,s,0.401,0.004287
3612,2018-11-18T10:51:12.333500Z,17,p,0.314,0.001926
3613,2018-11-18T10:51:51.796500Z,8,s,0.403,0.002867
3614,2018-11-18T10:51:56.630500Z,20,s,0.748,0.00308
3615,2018-11-18T10:52:00.778500Z,5,s,0.595,0.002228
3616,2018-11-18T10:52:03.824500Z,5,s,0.617,0.003573
3617,2018-11-18T10:52:15.785500Z,23,p,0.355,0.003479
3618,2018-11-18T10:52:15.925500Z,23,s,0.608,0.003479
3619,2018-11-18T10:52:26.439500Z,6,s,0.342,0.003962
3620,2018-11-18T10:52:26.466500Z,5,s,0.336,0.00358
3621,2018-11-18T10:52:26.568000Z,8,s,0.36,0.002074
3622,2018-11-18T10:52:32.542500Z,6,s,0.413,0.004906
3623,2018-11-18T10:52:32.596000Z,3,s,0.356,0.001835
3624,2018-11-18T10:52:32.800500Z,13,s,0.439,0.003902
3625,2018-11-18T10:52:32.930500Z,19,s,0.405,0.002026
3626,2018-11-18T10:53:02.414500Z,5,s,0.586,0.00362
3627,2018-11-18T10:53:02.687500Z,12,s,0.328,0.002894
3628,2018-11-18T10:53:02.794500Z,24,s,0.31,0.002825
3629,2018-11-18T10:53:09.082500Z,6,s,0.305,0.001932
3630,2018-11-18T10:53:34.056000Z,4,s,0.423,0.005902
3631,2018-11-18T10:53:55.904500Z,17,s,0.315,0.001641
3632,2018-11-18T10:54:01.778500Z,6,s,0.422,0.002005
3633,2018-11-18T10:55:59.019500Z,5,s,0.632,0.002447
3634,2018-11-18T10:57:06.533500Z,8,s,0.51,0.003004
3635,2018-11-18T10:57:19.593500Z,12,p,0.323,0.001469
3636,2018-11-18T10:57:20.050500Z,6,s,0.356,0.003744
3637,2018-11-18T10:57:20.167500Z,12,s,0.41,0.002463
3638,2018-11-18T10:57:29.150000Z,20,s,0.708,0.004069
3639,2018-11-18T10:58:42.072500Z,11,p,0.388,0.003846
3640,2018-11-18T10:58:42.180500Z,11,s,0.835,0.003846
3641,2018-11-18T10:59:39.494500Z,1,s,0.333,0.001816
3642,2018-11-18T10:59:52.436500Z,5,p,0.356,0.00172
3643,2018-11-18T11:00:02.287500Z,5,p,0.345,0.003336
3644,2018-11-18T11:00:02.392000Z,5,s,0.78,0.003336
3645,2018-11-18T11:00:11.505500Z,24,p,0.942,0.01091
3646,2018-11-18T11:00:11.511500Z,23,p,0.979,0.01004
3647,2018-11-18T11:00:11.515500Z,22,p,0.943,0.008265
3648,2018-11-18T11:00:11.521000Z,21,p,0.565,0.004821
3649,2018-11-18T11:00:11.524000Z,20,p,0.944,0.003941
3650,2018-11-18T11:00:11.527000Z,19,p,0.343,0.004627
3651,2018-11-18T11:00:11.529500Z,19,s,0.366,0.004627
3652,2018-11-18T11:00:11.536000Z,18,p,0.81,0.005029
3653,2018-11-18T11:00:11.545500Z,16,p,0.641,0.003131
3654,2018-11-18T11:00:11.565500Z,12,s,0.638,0.002752
3655,2018-11-18T11:00:11.572000Z,24,s,0.878,0.01091
3656,2018-11-18T11:00:11.580500Z,23,s,0.947,0.00684
3657,2018-11-18T11:00:11.586000Z,22,s,0.451,0.004109
3658,2018-11-18T11:00:11.592500Z,21,s,0.532,0.00164
3659,2018-11-18T11:00:11.602500Z,20,s,0.511,0.002547
3660,2018-11-18T11:00:11.642500Z,16,s,0.433,0.00173
3661,2018-11-18T11:01:29.473500Z,20,p,0.458,0.002684
3662,2018-11-18T11:01:29.636000Z,20,s,0.708,0.002684
3663,2018-11-18T11:01:43.805500Z,20,p,0.348,0.001826
3664,2018-11-18T11:01:43.931500Z,23,s,0.779,0.003264
3665,2018-11-18T11:01:43.953500Z,20,s,0.372,0.001826
3666,2018-11-18T11:02:27.790000Z,17,p,0.348,0.001633
3667,2018-11-18T11:02:27.920500Z,17,s,0.569,0.001633
3668,2018-11-18T11:02:53.983500Z,6,s,0.37,0.002365
3669,2018-11-18T11:04:04.848000Z,22,p,0.351,0.005557
3670,2018-11-18T11:04:41.404000Z,3,s,0.353,0.003365
3671,2018-11-18T11:06:43.123500Z,11,s,0.668,0.004329
3672,2018-11-18T11:06:43.698000Z,20,p,0.435,0.002891
3673,2018-11-18T11:06:43.952500Z,20,s,0.663,0.002891
3674,2018-11-18T11:06:46.095500Z,3,p,0.524,0.002698
3675,2018-11-18T11:06:46.224500Z,3,s,0.642,0.002698
3676,2018-11-18T11:07:36.935500Z,5,p,0.515,0.00274
3677,2018-11-18T11:07:37.090000Z,5,s,0.829,0.00274
3678,2018-11-18T11:08:02.369500Z,20,s,0.386,0.001778
3679,2018-11-18T11:08:10.355500Z,5,s,0.455,0.003798
3680,2018-11-18T11:08:24.741500Z,17,s,0.644,0.0376
3681,2018-11-18T11:09:02.408500Z,1,s,0.528,0.001691
3682,2018-11-18T11:09:04.116000Z,11,p,0.832,0.004472
3683,2018-11-18T11:09:04.215500Z,11,s,0.897,0.004472
3684,2018-11-18T11:09:17.180500Z,20,p,0.639,0.001867
3685,2018-11-18T11:09:17.349500Z,1,s,0.475,0.00268
3686,2018-11-18T11:09:17.428000Z,20,s,0.651,0.001867
3687,2018-11-18T11:10:03.775500Z,17,p,0.704,0.002815
3688,2018-11-18T11:10:03.881000Z,17,s,0.711,0.002815
3689,2018-11-18T11:11:52.725500Z,5,s,0.31,0.001616
3690,2018-11-18T11:12:07.777000Z,24,p,0.933,0.0159
3691,2018-11-18T11:12:07.779500Z,23,p,0.939,0.02548
3692,2018-11-18T11:12:07.785000Z,22,p,0.961,0.0238
3693,2018-11-18T11:12:07.791500Z,21,p,0.977,0.01354
3694,2018-11-18T11:12:07.797000Z,20,p,0.965,0.009344
3695,2018-11-18T11:12:07.801500Z,19,p,0.683,0.007571
3696,2018-11-18T11:12:07.808500Z,7,p,0.373,0.004339
3697,2018-11-18T11:12:07.809000Z,18,p,0.916,0.006229
3698,2018-11-18T11:12:07.815500Z,17,p,0.737,0.0123
3699,2018-11-18T11:12:07.817500Z,24,s,0.932,0.0159
3700,2018-11-18T11:12:07.826500Z,23,s,0.963,0.02548
3701,2018-11-18T11:12:07.830000Z,16,p,0.787,0.01301
3702,2018-11-18T11:12:07.833500Z,15,p,0.388,0.007511
3703,2018-11-18T11:12:07.834000Z,14,p,0.75,0.01085
3704,2018-11-18T11:12:07.834500Z,22,s,0.964,0.0238
3705,2018-11-18T11:12:07.839000Z,13,p,0.927,0.01255
3706,2018-11-18T11:12:07.843500Z,21,s,0.971,0.01354
3707,2018-11-18T11:12:07.846500Z,12,p,0.769,0.006084
3708,2018-11-18T11:12:07.852500Z,20,s,0.952,0.009344
3709,2018-11-18T11:12:07.854500Z,10,p,0.523,0.005995
3710,2018-11-18T11:12:07.862500Z,9,p,0.435,0.005198
3711,2018-11-18T11:12:07.863500Z,19,s,0.96,0.007571
3712,2018-11-18T11:12:07.867500Z,8,p,0.831,0.00468
3713,2018-11-18T11:12:07.873000Z,18,s,0.912,0.006229
3714,2018-11-18T11:12:07.883500Z,17,s,0.961,0.0123
3715,2018-11-18T11:12:07.893500Z,16,s,0.925,0.01301
3716,2018-11-18T11:12:07.902500Z,15,s,0.927,0.007511
3717,2018-11-18T11:12:07.912500Z,14,s,0.934,0.01085
3718,2018-11-18T11:12:07.914000Z,2,p,0.589,0.002618
3719,2018-11-18T11:12:07.922500Z,13,s,0.942,0.01255
3720,2018-11-18T11:12:07.932000Z,12,s,0.914,0.006084
3721,2018-11-18T11:12:07.940000Z,11,s,0.605,0.004154
3722,2018-11-18T11:12:07.951000Z,10,s,0.927,0.005995
3723,2018-11-18T11:12:07.960000Z,9,s,0.822,0.005198
3724,2018-11-18T11:12:07.969000Z,8,s,0.887,0.00468
3725,2018-11-18T11:12:07.979000Z,7,s,0.798,0.004339
3726,2018-11-18T11:12:07.988000Z,6,s,0.598,0.003627
3727,2018-11-18T11:12:07.997500Z,5,s,0.568,0.002145
3728,2018-11-18T11:12:08.007000Z,4,s,0.786,0.003175
3729,2018-11-18T11:12:08.016500Z,3,s,0.684,0.001619
3730,2018-11-18T11:12:08.033000Z,2,s,0.78,0.002618
3731,2018-11-18T11:12:08.039000Z,1,s,0.706,0.001976
3732,2018-11-18T11:12:13.833500Z,20,p,0.837,0.003151
3733,2018-11-18T11:12:13.950000Z,20,s,0.518,0.003151
3734,2018-11-18T11:12:29.012500Z,8,p,0.302,0.001397
3735,2018-11-18T11:12:29.032500Z,19,p,0.358,0.005591
3736,2018-11-18T11:12:29.083000Z,24,p,0.94,0.01083
3737,2018-11-18T11:12:29.087000Z,23,p,0.965,0.01604
3738,2018-11-18T11:12:29.092500Z,22,p,0.9,0.01558
3739,2018-11-18T11:12:29.099000Z,21,p,0.938,0.007701
3740,2018-11-18T11:12:29.103500Z,20,p,0.918,0.00659
3741,2018-11-18T11:12:29.105500Z,18,p,0.5,0.004358
3742,2018-11-18T11:12:29.125000Z,24,s,0.904,0.01083
3743,2018-11-18T11:12:29.133500Z,23,s,0.968,0.01604
3744,2018-11-18T11:12:29.141500Z,22,s,0.958,0.01558
3745,2018-11-18T11:12:29.143500Z,9,p,0.436,0.00351
3746,2018-11-18T11:12:29.146000Z,10,p,0.507,0.003209
3747,2018-11-18T11:12:29.147500Z,13,p,0.811,0.008356
3748,2018-11-18T11:12:29.151500Z,12,p,0.719,0.004215
3749,2018-11-18T11:12:29.151500Z,21,s,0.966,0.007701
3750,2018-11-18T11:12:29.159500Z,8,p,0.524,0.003283
3751,2018-11-18T11:12:29.161000Z,20,s,0.953,0.00659
3752,2018-11-18T11:12:29.167500Z,11,p,0.489,0.003258
3753,2018-11-18T11:12:29.170000Z,19,s,0.928,0.005591
3754,2018-11-18T11:12:29.181000Z,18,s,0.891,0.004358
3755,2018-11-18T11:12:29.190500Z,17,s,0.918,0.008484
3756,2018-11-18T11:12:29.200000Z,16,s,0.884,0.008894
3757,2018-11-18T11:12:29.210000Z,15,s,0.826,0.00469
3758,2018-11-18T11:12:29.220500Z,14,s,0.872,0.006889
3759,2018-11-18T11:12:29.230500Z,13,s,0.94,0.008356
3760,2018-11-18T11:12:29.240500Z,12,s,0.835,0.004215
3761,2018-11-18T11:12:29.240500Z,1,p,0.506,0.001642
3762,2018-11-18T11:12:29.248500Z,11,s,0.763,0.003258
3763,2018-11-18T11:12:29.259000Z,10,s,0.842,0.003209
3764,2018-11-18T11:12:29.267500Z,9,s,0.738,0.00351
3765,2018-11-18T11:12:29.277000Z,8,s,0.887,0.003283
3766,2018-11-18T11:12:29.286000Z,7,s,0.387,0.002747
3767,2018-11-18T11:12:29.315500Z,4,s,0.823,0.001916
3768,2018-11-18T11:12:29.342500Z,2,s,0.681,0.00172
3769,2018-11-18T11:12:29.348500Z,1,s,0.78,0.001642
3770,2018-11-18T11:14:54.312500Z,11,p,0.325,0.003769
3771,2018-11-18T11:15:52.121500Z,17,s,0.384,0.002294
3772,2018-11-18T11:15:54.391500Z,5,s,0.556,0.002858
3773,2018-11-18T11:16:37.192500Z,20,s,0.465,0.003217
3774,2018-11-18T11:16:53.062500Z,5,s,0.72,0.003754
3775,2018-11-18T11:17:32.185000Z,24,p,0.977,0.02956
3776,2018-11-18T11:17:32.190000Z,23,p,0.98,0.04253
3777,2018-11-18T11:17:32.195000Z,22,p,0.976,0.04485
3778,2018-11-18T11:17:32.200500Z,15,p,0.573,0.001386
3779,2018-11-18T11:17:32.201000Z,21,p,0.981,0.02269
3780,2018-11-18T11:17:32.206000Z,20,p,0.977,0.01712
3781,2018-11-18T11:17:32.211500Z,19,p,0.955,0.01351
3782,2018-11-18T11:17:32.214500Z,18,p,0.572,0.01292
3783,2018-11-18T11:17:32.225000Z,17,p,0.974,0.02277
3784,2018-11-18T11:17:32.226500Z,24,s,0.906,0.02956
3785,2018-11-18T11:17:32.229000Z,16,p,0.927,0.02267
3786,2018-11-18T11:17:32.235500Z,23,s,0.972,0.04253
3787,2018-11-18T11:17:32.238500Z,15,p,0.406,0.01382
3788,2018-11-18T11:17:32.241500Z,14,p,0.937,0.01897
3789,2018-11-18T11:17:32.243500Z,22,s,0.971,0.04485
3790,2018-11-18T11:17:32.249500Z,13,p,0.968,0.02271
3791,2018-11-18T11:17:32.251000Z,12,p,0.845,0.01108
3792,2018-11-18T11:17:32.253000Z,21,s,0.964,0.02269
3793,2018-11-18T11:17:32.258500Z,11,p,0.507,0.006761
3794,2018-11-18T11:17:32.262500Z,20,s,0.958,0.01712
3795,2018-11-18T11:17:32.270500Z,10,p,0.907,0.01013
3796,2018-11-18T11:17:32.271500Z,9,p,0.917,0.009208
3797,2018-11-18T11:17:32.273000Z,19,s,0.964,0.01351
3798,2018-11-18T11:17:32.279500Z,7,p,0.571,0.006821
3799,2018-11-18T11:17:32.283000Z,18,s,0.963,0.01292
3800,2018-11-18T11:17:32.284000Z,8,p,0.926,0.008933
3801,2018-11-18T11:17:32.293000Z,17,s,0.963,0.02277
3802,2018-11-18T11:17:32.299500Z,5,p,0.78,0.003344
3803,2018-11-18T11:17:32.303000Z,16,s,0.957,0.02267
3804,2018-11-18T11:17:32.303500Z,4,p,0.902,0.004481
3805,2018-11-18T11:17:32.309000Z,3,p,0.907,0.002458
3806,2018-11-18T11:17:32.312000Z,15,s,0.941,0.01382
3807,2018-11-18T11:17:32.318000Z,2,p,0.798,0.004027
3808,2018-11-18T11:17:32.322500Z,14,s,0.905,0.01897
3809,2018-11-18T11:17:32.332500Z,13,s,0.934,0.02271
3810,2018-11-18T11:17:32.336500Z,1,p,0.536,0.002974
3811,2018-11-18T11:17:32.341500Z,12,s,0.927,0.01108
3812,2018-11-18T11:17:32.350500Z,11,s,0.907,0.006761
3813,2018-11-18T11:17:32.360500Z,10,s,0.945,0.01013
3814,2018-11-18T11:17:32.369000Z,9,s,0.952,0.009208
3815,2018-11-18T11:17:32.379000Z,8,s,0.904,0.008933
3816,2018-11-18T11:17:32.385000Z,7,s,0.875,0.006821
3817,2018-11-18T11:17:32.394500Z,6,s,0.79,0.004891
3818,2018-11-18T11:17:32.407500Z,5,s,0.945,0.003344
3819,2018-11-18T11:17:32.417000Z,4,s,0.943,0.004481
3820,2018-11-18T11:17:32.425000Z,3,s,0.912,0.002458
3821,2018-11-18T11:17:32.436500Z,2,s,0.851,0.004027
3822,2018-11-18T11:17:32.448000Z,1,s,0.855,0.002974
3823,2018-11-18T11:17:43.313500Z,20,s,0.356,0.001726
3824,2018-11-18T11:17:59.477500Z,8,p,0.31,0.001906
3825,2018-11-18T11:18:25.969500Z,19,s,0.345,0.003794
3826,2018-11-18T11:18:34.179000Z,23,s,0.853,0.002652
3827,2018-11-18T11:18:34.185000Z,22,p,0.539,0.003641
3828,2018-11-18T11:18:34.188500Z,22,s,0.385,0.003641
3829,2018-11-18T11:18:34.245500Z,16,s,0.413,0.002315
3830,2018-11-18T11:18:37.200500Z,14,p,0.359,0.002859
3831,2018-11-18T11:20:28.512500Z,24,s,0.335,0.006143
3832,2018-11-18T11:20:54.681500Z,1,s,0.381,0.002152
3833,2018-11-18T11:21:22.401000Z,16,s,0.78,0.001545
3834,2018-11-18T11:21:53.360500Z,20,s,0.75,0.002291
3835,2018-11-18T11:22:13.074500Z,1,s,0.751,0.002026
3836,2018-11-18T11:22:13.614500Z,1,s,0.519,0.001564
3837,2018-11-18T11:22:19.948000Z,11,s,0.449,0.004052
3838,2018-11-18T11:23:33.308500Z,5,p,0.388,0.002414
3839,2018-11-18T11:23:33.466000Z,5,s,0.597,0.002414
3840,2018-11-18T11:23:53.297500Z,5,s,0.459,0.003639
3841,2018-11-18T11:25:31.386500Z,22,s,0.522,0.004806
3842,2018-11-18T11:27:07.256000Z,15,p,0.571,0.003596
3843,2018-11-18T11:27:07.404500Z,15,s,0.484,0.001585
3844,2018-11-18T11:27:24.573500Z,20,s,0.609,0.002767
3845,2018-11-18T11:27:24.613500Z,20,s,0.704,0.003294
3846,2018-11-18T11:28:55.246500Z,2,s,0.429,0.002266
3847,2018-11-18T11:28:55.371500Z,8,s,0.319,0.002112
3848,2018-11-18T11:28:55.477500Z,13,s,0.33,0.002793
3849,2018-11-18T11:28:55.570500Z,17,s,0.327,0.001851
3850,2018-11-18T11:29:04.775500Z,2,s,0.31,0.001598
3851,2018-11-18T11:29:04.826500Z,5,p,0.317,0.00211
3852,2018-11-18T11:29:04.850500Z,6,s,0.458,0.002381
3853,2018-11-18T11:29:08.241500Z,5,p,0.526,0.001695
3854,2018-11-18T11:29:08.268500Z,6,p,0.479,0.002021
3855,2018-11-18T11:29:15.807000Z,19,s,0.8,0.003461
3856,2018-11-18T11:29:15.812500Z,3,p,0.463,0.001477
3857,2018-11-18T11:29:15.817500Z,4,p,0.358,0.001934
3858,2018-11-18T11:29:15.836500Z,5,p,0.422,0.002543
3859,2018-11-18T11:29:15.858000Z,6,p,0.519,0.003158
3860,2018-11-18T11:29:15.940000Z,1,s,0.684,0.002294
3861,2018-11-18T11:29:15.989500Z,12,s,0.367,0.002037
3862,2018-11-18T11:29:16.006500Z,13,p,0.531,0.00237
3863,2018-11-18T11:29:17.043500Z,5,p,0.743,0.002967
3864,2018-11-18T11:29:17.164000Z,5,s,0.684,0.002967
3865,2018-11-18T11:29:31.404500Z,20,s,0.675,0.00247
3866,2018-11-18T11:29:33.516000Z,21,p,0.331,0.01009
3867,2018-11-18T11:29:33.556000Z,24,p,0.841,0.03356
3868,2018-11-18T11:29:33.559000Z,23,p,0.951,0.02072
3869,2018-11-18T11:29:33.564000Z,22,p,0.92,0.01556
3870,2018-11-18T11:29:33.574500Z,20,p,0.922,0.007478
3871,2018-11-18T11:29:33.584500Z,19,p,0.432,0.005949
3872,2018-11-18T11:29:33.590000Z,18,p,0.638,0.004142
3873,2018-11-18T11:29:33.592000Z,17,p,0.921,0.005458
3874,2018-11-18T11:29:33.594500Z,16,p,0.574,0.004767
3875,2018-11-18T11:29:33.595000Z,24,s,0.965,0.03356
3876,2018-11-18T11:29:33.603500Z,23,s,0.971,0.02072
3877,2018-11-18T11:29:33.606500Z,14,p,0.538,0.00316
3878,2018-11-18T11:29:33.611500Z,22,s,0.967,0.01556
3879,2018-11-18T11:29:33.616000Z,13,p,0.923,0.004765
3880,2018-11-18T11:29:33.619500Z,21,s,0.926,0.01009
3881,2018-11-18T11:29:33.621500Z,12,p,0.479,0.002364
3882,2018-11-18T11:29:33.631000Z,20,s,0.957,0.007478
3883,2018-11-18T11:29:33.639000Z,19,s,0.945,0.005949
3884,2018-11-18T11:29:33.642000Z,8,p,0.915,0.002017
3885,2018-11-18T11:29:33.649500Z,18,s,0.678,0.004142
3886,2018-11-18T11:29:33.656500Z,3,p,0.319,0.001935
3887,2018-11-18T11:29:33.660000Z,17,s,0.897,0.005458
3888,2018-11-18T11:29:33.669500Z,16,s,0.928,0.004767
3889,2018-11-18T11:29:33.677500Z,15,s,0.751,0.002638
3890,2018-11-18T11:29:33.690000Z,14,s,0.809,0.00316
3891,2018-11-18T11:29:33.700000Z,13,s,0.882,0.004765
3892,2018-11-18T11:29:33.710000Z,12,s,0.854,0.002364
3893,2018-11-18T11:29:33.730500Z,10,s,0.584,0.001642
3894,2018-11-18T11:29:33.737500Z,9,s,0.323,0.002096
3895,2018-11-18T11:29:33.750000Z,8,s,0.876,0.002017
3896,2018-11-18T11:29:33.757000Z,7,s,0.762,0.00179
3897,2018-11-18T11:29:33.778500Z,5,s,0.742,0.00139
3898,2018-11-18T11:29:33.797500Z,3,s,0.461,0.001935
3899,2018-11-18T11:29:45.424500Z,23,p,0.351,0.009867
3900,2018-11-18T11:29:45.520000Z,23,s,0.763,0.009867
3901,2018-11-18T11:29:49.786500Z,11,s,0.776,0.004465
3902,2018-11-18T11:30:11.372500Z,24,p,0.979,0.03329
3903,2018-11-18T11:30:11.377000Z,23,p,0.98,0.04342
3904,2018-11-18T11:30:11.382000Z,22,p,0.97,0.04467
3905,2018-11-18T11:30:11.388000Z,21,p,0.984,0.02458
3906,2018-11-18T11:30:11.393500Z,20,p,0.969,0.01719
3907,2018-11-18T11:30:11.399000Z,19,p,0.97,0.01462
3908,2018-11-18T11:30:11.407000Z,18,p,0.962,0.01227
3909,2018-11-18T11:30:11.411500Z,17,p,0.953,0.02343
3910,2018-11-18T11:30:11.414500Z,24,s,0.945,0.03329
3911,2018-11-18T11:30:11.422500Z,15,p,0.712,0.01294
3912,2018-11-18T11:30:11.423500Z,23,s,0.966,0.04342
3913,2018-11-18T11:30:11.426500Z,16,p,0.712,0.02341
3914,2018-11-18T11:30:11.429000Z,14,p,0.962,0.01932
3915,2018-11-18T11:30:11.431500Z,22,s,0.969,0.04467
3916,2018-11-18T11:30:11.437000Z,13,p,0.956,0.0249
3917,2018-11-18T11:30:11.440000Z,21,s,0.966,0.02458
3918,2018-11-18T11:30:11.441500Z,12,p,0.934,0.01271
3919,2018-11-18T11:30:11.449500Z,20,s,0.96,0.01719
3920,2018-11-18T11:30:11.454000Z,11,p,0.674,0.00624
3921,2018-11-18T11:30:11.454500Z,9,p,0.657,0.008324
3922,2018-11-18T11:30:11.455500Z,10,p,0.842,0.008462
3923,2018-11-18T11:30:11.459500Z,19,s,0.967,0.01462
3924,2018-11-18T11:30:11.467500Z,8,p,0.863,0.007856
3925,2018-11-18T11:30:11.470500Z,18,s,0.957,0.01227
3926,2018-11-18T11:30:11.475500Z,7,p,0.863,0.006623
3927,2018-11-18T11:30:11.479500Z,5,p,0.737,0.002802
3928,2018-11-18T11:30:11.480500Z,17,s,0.961,0.02343
3929,2018-11-18T11:30:11.483000Z,6,p,0.863,0.004274
3930,2018-11-18T11:30:11.490000Z,4,p,0.788,0.00453
3931,2018-11-18T11:30:11.490500Z,16,s,0.939,0.02341
3932,2018-11-18T11:30:11.498000Z,3,p,0.816,0.00274
3933,2018-11-18T11:30:11.499500Z,15,s,0.943,0.01294
3934,2018-11-18T11:30:11.507500Z,2,p,0.461,0.004047
3935,2018-11-18T11:30:11.509500Z,14,s,0.932,0.01932
3936,2018-11-18T11:30:11.510500Z,1,p,0.402,0.003535
3937,2018-11-18T11:30:11.520500Z,13,s,0.937,0.0249
3938,2018-11-18T11:30:11.528500Z,12,s,0.94,0.01271
3939,2018-11-18T11:30:11.537000Z,11,s,0.91,0.00624
3940,2018-11-18T11:30:11.547500Z,10,s,0.94,0.008462
3941,2018-11-18T11:30:11.555000Z,9,s,0.898,0.008324
3942,2018-11-18T11:30:11.566500Z,8,s,0.911,0.007856
3943,2018-11-18T11:30:11.574000Z,7,s,0.881,0.006623
3944,2018-11-18T11:30:11.584500Z,6,s,0.891,0.004274
3945,2018-11-18T11:30:11.594500Z,5,s,0.823,0.002802
3946,2018-11-18T11:30:11.603000Z,4,s,0.827,0.00453
3947,2018-11-18T11:30:11.614500Z,3,s,0.881,0.00274
3948,2018-11-18T11:30:11.625000Z,2,s,0.913,0.004047
3949,2018-11-18T11:30:11.636500Z,1,s,0.884,0.003535
3950,2018-11-18T11:30:13.967500Z,23,s,0.675,0.00296
3951,2018-11-18T11:30:43.671500Z,18,p,0.358,0.003369
3952,2018-11-18T11:30:43.790500Z,18,s,0.6,0.003369
3953,2018-11-18T11:31:15.439000Z,4,p,0.875,0.00227
3954,2018-11-18T11:31:15.522500Z,4,s,0.674,0.00227
3955,2018-11-18T11:31:26.171500Z,24,p,0.632,0.02081
3956,2018-11-18T11:31:26.175000Z,23,p,0.399,0.01376
3957,2018-11-18T11:31:26.183500Z,22,p,0.491,0.009511
3958,2018-11-18T11:31:26.191500Z,14,p,0.315,0.001828
3959,2018-11-18T11:31:26.195000Z,20,p,0.917,0.004465
3960,2018-11-18T11:31:26.206500Z,17,p,0.323,0.00397
3961,2018-11-18T11:31:26.212000Z,24,s,0.955,0.02081
3962,2018-11-18T11:31:26.220000Z,23,s,0.946,0.01376
3963,2018-11-18T11:31:26.228000Z,22,s,0.942,0.009511
3964,2018-11-18T11:31:26.237500Z,21,s,0.93,0.005874
3965,2018-11-18T11:31:26.247000Z,20,s,0.954,0.004465
3966,2018-11-18T11:31:26.253500Z,19,s,0.619,0.003563
3967,2018-11-18T11:31:26.277000Z,17,s,0.916,0.00397
3968,2018-11-18T11:31:26.286500Z,16,s,0.324,0.003082
3969,2018-11-18T11:31:26.306000Z,14,s,0.763,0.001828
3970,2018-11-18T11:31:26.405500Z,4,s,0.427,0.002094
3971,2018-11-18T11:31:47.716000Z,3,s,0.646,0.003556
3972,2018-11-18T11:31:59.179500Z,5,s,0.519,0.002857
3973,2018-11-18T11:32:37.869500Z,20,p,0.333,0.00241
3974,2018-11-18T11:32:38.008500Z,20,s,0.394,0.00241
3975,2018-11-18T11:32:42.677500Z,24,s,0.752,0.004508
3976,2018-11-18T11:32:46.866000Z,20,p,0.461,0.002563
3977,2018-11-18T11:32:47.156000Z,20,s,0.673,0.002563
3978,2018-11-18T11:33:17.761500Z,18,s,0.648,0.003227
3979,2018-11-18T11:33:36.655500Z,22,p,0.668,0.004497
3980,2018-11-18T11:33:36.768500Z,22,s,0.613,0.004497
3981,2018-11-18T11:34:10.383000Z,5,s,0.647,0.002373
3982,2018-11-18T11:34:11.452500Z,4,p,0.392,0.006291
3983,2018-11-18T11:34:11.553500Z,4,s,0.91,0.006291
3984,2018-11-18T11:35:17.026500Z,22,p,0.676,0.001955
3985,2018-11-18T11:36:39.477500Z,13,s,0.353,0.002067
3986,2018-11-18T11:36:45.394500Z,15,p,0.366,0.004841
3987,2018-11-18T11:36:54.670000Z,15,p,0.359,0.002057
3988,2018-11-18T11:37:46.552500Z,11,s,0.787,0.003586
3989,2018-11-18T11:37:47.993000Z,3,p,0.905,0.004835
3990,2018-11-18T11:37:48.173500Z,3,s,0.791,0.004835
3991,2018-11-18T11:37:48.442000Z,3,s,0.516,0.003688
3992,2018-11-18T11:38:11.024500Z,20,s,0.72,0.002905
3993,2018-11-18T11:38:29.207000Z,15,p,0.899,0.1144
3994,2018-11-18T11:38:29.212000Z,15,s,0.314,0.1108
3995,2018-11-18T11:38:52.340500Z,24,s,0.684,0.005914
3996,2018-11-18T11:38:52.724000Z,23,s,0.682,0.003694
3997,2018-11-18T11:39:00.027000Z,24,p,0.92,0.02042
3998,2018-11-18T11:39:00.031500Z,23,p,0.934,0.0144
3999,2018-11-18T11:39:00.038000Z,22,p,0.829,0.01281
4000,2018-11-18T11:39:00.043000Z,21,p,0.959,0.007419
4001,2018-11-18T11:39:00.046500Z,20,p,0.91,0.00581
4002,2018-11-18T11:39:00.051000Z,19,p,0.92,0.003413
4003,2018-11-18T11:39:00.059500Z,17,p,0.802,0.001956
4004,2018-11-18T11:39:00.065000Z,16,p,0.843,0.00287
4005,2018-11-18T11:39:00.083500Z,13,p,0.883,0.004193
4006,2018-11-18T11:39:00.088500Z,12,p,0.769,0.002251
4007,2018-11-18T11:39:00.094000Z,24,s,0.963,0.02042
4008,2018-11-18T11:39:00.101500Z,23,s,0.964,0.0144
4009,2018-11-18T11:39:00.110000Z,22,s,0.927,0.01281
4010,2018-11-18T11:39:00.117000Z,21,s,0.927,0.007419
4011,2018-11-18T11:39:00.124500Z,20,s,0.867,0.00581
4012,2018-11-18T11:39:00.132000Z,19,s,0.935,0.003413
4013,2018-11-18T11:39:00.137500Z,17,s,0.724,0.001956
4014,2018-11-18T11:39:00.159500Z,16,s,0.784,0.00287
4015,2018-11-18T11:39:00.172000Z,15,s,0.792,0.002039
4016,2018-11-18T11:39:00.181500Z,14,s,0.465,0.004342
4017,2018-11-18T11:39:00.191000Z,13,s,0.886,0.004193
4018,2018-11-18T11:39:00.197500Z,12,s,0.624,0.002251
4019,2018-11-18T11:39:00.275500Z,3,s,0.336,0.002063
4020,2018-11-18T11:39:15.836500Z,22,s,0.557,0.004887
4021,2018-11-18T11:39:27.659000Z,10,p,0.368,0.003423
4022,2018-11-18T11:39:27.763000Z,10,s,0.884,0.003423
4023,2018-11-18T11:40:38.319500Z,5,s,0.506,0.002735
4024,2018-11-18T11:40:57.173500Z,20,s,0.308,0.001839
4025,2018-11-18T11:42:03.615500Z,20,p,0.721,0.001782
4026,2018-11-18T11:42:03.888500Z,20,s,0.53,0.001782
4027,2018-11-18T11:42:11.656500Z,19,s,0.515,0.003895
4028,2018-11-18T11:42:45.518500Z,20,p,0.427,0.002805
4029,2018-11-18T11:42:45.757500Z,20,s,0.745,0.002805
4030,2018-11-18T11:43:50.324000Z,20,s,0.502,0.00195
4031,2018-11-18T11:45:06.308000Z,5,s,0.824,0.00247
4032,2018-11-18T11:45:13.985500Z,5,s,0.611,0.003018
4033,2018-11-18T11:45:47.640500Z,24,p,0.98,0.106
4034,2018-11-18T11:45:47.645500Z,23,p,0.983,0.0764
4035,2018-11-18T11:45:47.651000Z,22,p,0.984,0.04382
4036,2018-11-18T11:45:47.656000Z,21,p,0.983,0.03048
4037,2018-11-18T11:45:47.661500Z,20,p,0.982,0.02669
4038,2018-11-18T11:45:47.667000Z,19,p,0.982,0.01604
4039,2018-11-18T11:45:47.673000Z,18,p,0.97,0.01298
4040,2018-11-18T11:45:47.679500Z,17,p,0.983,0.01589
4041,2018-11-18T11:45:47.684000Z,16,p,0.969,0.02594
4042,2018-11-18T11:45:47.689000Z,15,p,0.935,0.02138
4043,2018-11-18T11:45:47.696000Z,14,p,0.974,0.01316
4044,2018-11-18T11:45:47.702500Z,13,p,0.979,0.01306
4045,2018-11-18T11:45:47.703500Z,24,s,0.952,0.106
4046,2018-11-18T11:45:47.708000Z,12,p,0.962,0.007975
4047,2018-11-18T11:45:47.711000Z,23,s,0.95,0.0764
4048,2018-11-18T11:45:47.713000Z,11,p,0.966,0.004145
4049,2018-11-18T11:45:47.717500Z,10,p,0.95,0.004121
4050,2018-11-18T11:45:47.718000Z,22,s,0.932,0.04382
4051,2018-11-18T11:45:47.723500Z,9,p,0.905,0.00764
4052,2018-11-18T11:45:47.727000Z,21,s,0.922,0.03048
4053,2018-11-18T11:45:47.730500Z,8,p,0.93,0.008479
4054,2018-11-18T11:45:47.734000Z,7,p,0.898,0.005775
4055,2018-11-18T11:45:47.737500Z,20,s,0.943,0.02669
4056,2018-11-18T11:45:47.741500Z,6,p,0.958,0.005451
4057,2018-11-18T11:45:47.746000Z,5,p,0.932,0.003363
4058,2018-11-18T11:45:47.746500Z,19,s,0.915,0.01604
4059,2018-11-18T11:45:47.757000Z,18,s,0.891,0.01298
4060,2018-11-18T11:45:47.757500Z,3,p,0.672,0.00419
4061,2018-11-18T11:45:47.764000Z,4,p,0.941,0.005151
4062,2018-11-18T11:45:47.766000Z,17,s,0.952,0.01589
4063,2018-11-18T11:45:47.777000Z,16,s,0.88,0.02594
4064,2018-11-18T11:45:47.780000Z,1,p,0.643,0.003036
4065,2018-11-18T11:45:47.781500Z,2,p,0.444,0.003742
4066,2018-11-18T11:45:47.785000Z,15,s,0.929,0.02138
4067,2018-11-18T11:45:47.794500Z,14,s,0.934,0.01316
4068,2018-11-18T11:45:47.806500Z,13,s,0.936,0.01306
4069,2018-11-18T11:45:47.809000Z,12,s,0.707,0.007975
4070,2018-11-18T11:45:47.824500Z,11,s,0.778,0.004145
4071,2018-11-18T11:45:47.834500Z,10,s,0.836,0.004121
4072,2018-11-18T11:45:47.842000Z,9,s,0.854,0.00764
4073,2018-11-18T11:45:47.852000Z,8,s,0.92,0.008479
4074,2018-11-18T11:45:47.860000Z,7,s,0.942,0.005775
4075,2018-11-18T11:45:47.870500Z,6,s,0.816,0.005451
4076,2018-11-18T11:45:47.878500Z,5,s,0.923,0.003363
4077,2018-11-18T11:45:47.888500Z,4,s,0.874,0.005151
4078,2018-11-18T11:45:47.899000Z,3,s,0.926,0.00419
4079,2018-11-18T11:45:47.909000Z,2,s,0.757,0.003742
4080,2018-11-18T11:45:47.919000Z,1,s,0.866,0.003036
4081,2018-11-18T11:47:42.808000Z,1,p,0.471,0.002243
4082,2018-11-18T11:47:42.941500Z,1,s,0.32,0.002243
4083,2018-11-18T11:47:59.066000Z,20,s,0.834,0.002614
4084,2018-11-18T11:48:24.284000Z,5,p,0.655,0.00258
4085,2018-11-18T11:48:24.393000Z,5,s,0.762,0.00258
4086,2018-11-18T11:48:39.813500Z,9,p,0.625,0.0101
4087,2018-11-18T11:48:44.497500Z,1,p,0.332,0.002983
4088,2018-11-18T11:48:44.627500Z,1,s,0.693,0.002983
4089,2018-11-18T11:49:39.423500Z,24,p,0.984,0.05816
4090,2018-11-18T11:49:39.427500Z,23,p,0.976,0.08601
4091,2018-11-18T11:49:39.433000Z,22,p,0.977,0.07956
4092,2018-11-18T11:49:39.439500Z,21,p,0.984,0.04473
4093,2018-11-18T11:49:39.445000Z,20,p,0.981,0.03272
4094,2018-11-18T11:49:39.450000Z,19,p,0.967,0.02737
4095,2018-11-18T11:49:39.457000Z,18,p,0.979,0.02303
4096,2018-11-18T11:49:39.460000Z,17,p,0.911,0.04375
4097,2018-11-18T11:49:39.466500Z,24,s,0.9,0.05816
4098,2018-11-18T11:49:39.468000Z,16,p,0.959,0.04696
4099,2018-11-18T11:49:39.474500Z,23,s,0.964,0.08601
4100,2018-11-18T11:49:39.474500Z,15,p,0.964,0.02519
4101,2018-11-18T11:49:39.480500Z,14,p,0.975,0.03699
4102,2018-11-18T11:49:39.482000Z,22,s,0.964,0.07956
4103,2018-11-18T11:49:39.487000Z,13,p,0.975,0.04551
4104,2018-11-18T11:49:39.491500Z,21,s,0.971,0.04473
4105,2018-11-18T11:49:39.492000Z,12,p,0.9,0.02079
4106,2018-11-18T11:49:39.500000Z,11,p,0.859,0.01202
4107,2018-11-18T11:49:39.500500Z,20,s,0.959,0.03272
4108,2018-11-18T11:49:39.503000Z,10,p,0.936,0.01784
4109,2018-11-18T11:49:39.510000Z,9,p,0.878,0.01607
4110,2018-11-18T11:49:39.511000Z,19,s,0.966,0.02737
4111,2018-11-18T11:49:39.517500Z,8,p,0.9,0.01534
4112,2018-11-18T11:49:39.520000Z,7,p,0.886,0.01185
4113,2018-11-18T11:49:39.521000Z,18,s,0.959,0.02303
4114,2018-11-18T11:49:39.531000Z,6,p,0.862,0.0074
4115,2018-11-18T11:49:39.531500Z,17,s,0.967,0.04375
4116,2018-11-18T11:49:39.535500Z,5,p,0.827,0.005312
4117,2018-11-18T11:49:39.538000Z,4,p,0.891,0.007077
4118,2018-11-18T11:49:39.541000Z,16,s,0.956,0.04696
4119,2018-11-18T11:49:39.548000Z,3,p,0.861,0.004469
4120,2018-11-18T11:49:39.550500Z,15,s,0.961,0.02519
4121,2018-11-18T11:49:39.553500Z,2,p,0.853,0.005887
4122,2018-11-18T11:49:39.560500Z,14,s,0.921,0.03699
4123,2018-11-18T11:49:39.564000Z,1,p,0.89,0.006365
4124,2018-11-18T11:49:39.570500Z,13,s,0.939,0.04551
4125,2018-11-18T11:49:39.580500Z,12,s,0.919,0.02079
4126,2018-11-18T11:49:39.588500Z,11,s,0.933,0.01202
4127,2018-11-18T11:49:39.598500Z,10,s,0.932,0.01784
4128,2018-11-18T11:49:39.607000Z,9,s,0.954,0.01607
4129,2018-11-18T11:49:39.617000Z,8,s,0.941,0.01534
4130,2018-11-18T11:49:39.625000Z,7,s,0.914,0.01185
4131,2018-11-18T11:49:39.633000Z,6,s,0.906,0.0074
4132,2018-11-18T11:49:39.645000Z,5,s,0.942,0.005312
4133,2018-11-18T11:49:39.654500Z,4,s,0.821,0.007077
4134,2018-11-18T11:49:39.664000Z,3,s,0.878,0.004469
4135,2018-11-18T11:49:39.676500Z,2,s,0.893,0.005887
4136,2018-11-18T11:49:39.686500Z,1,s,0.908,0.006365
4137,2018-11-18T11:49:40.725500Z,12,s,0.529,0.001395
4138,2018-11-18T11:50:28.897500Z,4,s,0.329,0.002356
4139,2018-11-18T11:50:30.028500Z,22,s,0.518,0.004861
4140,2018-11-18T11:51:06.456000Z,24,p,0.506,0.002336
4141,2018-11-18T11:51:06.513000Z,24,p,0.84,0.00691
4142,2018-11-18T11:51:06.518000Z,23,p,0.974,0.01101
4143,2018-11-18T11:51:06.524500Z,22,s,0.411,0.006153
4144,2018-11-18T11:51:06.526000Z,22,p,0.459,0.006153
4145,2018-11-18T11:51:06.530000Z,21,s,0.671,0.006895
4146,2018-11-18T11:51:06.534000Z,20,p,0.641,0.004138
4147,2018-11-18T11:51:06.545000Z,18,p,0.589,0.005532
4148,2018-11-18T11:51:06.562000Z,24,s,0.608,0.003293
4149,2018-11-18T11:51:06.572500Z,23,s,0.792,0.003796
4150,2018-11-18T11:51:07.094500Z,24,p,0.469,0.004377
4151,2018-11-18T11:51:07.240000Z,24,s,0.803,0.004377
4152,2018-11-18T11:51:09.245500Z,5,s,0.758,0.002868
4153,2018-11-18T11:51:32.708500Z,1,p,0.659,0.002211
4154,2018-11-18T11:51:32.853500Z,1,s,0.321,0.002211
4155,2018-11-18T11:51:42.292000Z,10,s,0.386,0.009226
4156,2018-11-18T11:54:23.596500Z,11,s,0.317,0.004084
4157,2018-11-18T11:54:28.481500Z,14,s,0.519,0.008713
4158,2018-11-18T11:55:24.864500Z,10,s,0.376,0.004954
4159,2018-11-18T11:55:24.866000Z,10,p,0.528,0.004954
4160,2018-11-18T11:56:08.686500Z,5,s,0.573,0.002459
4161,2018-11-18T11:57:51.442000Z,20,p,0.494,0.002682
4162,2018-11-18T11:57:51.547000Z,20,s,0.812,0.002682
4163,2018-11-18T11:58:57.353500Z,5,p,0.359,0.002872
4164,2018-11-18T11:58:57.525500Z,5,s,0.733,0.002872
4165,2018-11-18T11:58:58.924000Z,3,s,0.587,0.004066
4166,2018-11-18T11:59:18.843500Z,20,s,0.437,0.002169
4167,2018-11-18T11:59:44.584500Z,10,s,0.577,0.003718
4168,2018-11-18T12:00:00.685500Z,23,s,0.332,0.001726
4169,2018-11-18T12:00:04.501500Z,23,s,0.476,0.002198
4170,2018-11-18T12:00:25.637500Z,1,s,0.339,0.00187
4171,2018-11-18T12:00:53.845500Z,20,s,0.313,0.001739
4172,2018-11-18T12:02:07.763500Z,20,p,0.764,0.001975
4173,2018-11-18T12:02:07.941000Z,20,s,0.698,0.001975
4174,2018-11-18T12:02:22.690500Z,5,s,0.368,0.002032
4175,2018-11-18T12:02:22.703500Z,6,s,0.351,0.002187
4176,2018-11-18T12:02:47.207500Z,11,s,0.721,0.003777
4177,2018-11-18T12:03:09.445500Z,23,s,0.359,0.003573
4178,2018-11-18T12:03:12.668000Z,20,p,0.524,0.00266
4179,2018-11-18T12:03:12.868500Z,20,s,0.635,0.00266
4180,2018-11-18T12:03:20.229500Z,24,s,0.525,0.004552
4181,2018-11-18T12:03:28.593500Z,20,p,0.513,0.001697
4182,2018-11-18T12:03:28.749500Z,20,s,0.487,0.001697
4183,2018-11-18T12:03:58.960500Z,5,s,0.312,0.001874
4184,2018-11-18T12:04:12.132000Z,22,s,0.788,0.004816
4185,2018-11-18T12:04:24.389000Z,5,s,0.851,0.002852
4186,2018-11-18T12:05:32.178000Z,5,p,0.302,0.001524
4187,2018-11-18T12:06:34.707500Z,22,s,0.536,0.002721
4188,2018-11-18T12:07:11.212000Z,20,s,0.391,0.001702
4189,2018-11-18T12:07:43.679500Z,10,p,0.495,0.00338
4190,2018-11-18T12:07:43.758000Z,10,s,0.853,0.00338
4191,2018-11-18T12:08:00.013500Z,20,s,0.745,0.002794
4192,2018-11-18T12:08:00.876000Z,20,s,0.715,0.00312
4193,2018-11-18T12:08:14.847500Z,20,p,0.312,0.001707
4194,2018-11-18T12:08:15.062000Z,20,s,0.633,0.001707
4195,2018-11-18T12:09:07.518000Z,1,s,0.401,0.0029
4196,2018-11-18T12:10:09.624500Z,5,s,0.572,0.002523
4197,2018-11-18T12:10:30.702500Z,20,s,0.382,0.001978
4198,2018-11-18T12:10:50.560500Z,15,p,0.407,0.03294
4199,2018-11-18T12:11:11.851500Z,11,p,0.386,0.003759
4200,2018-11-18T12:11:11.969000Z,11,s,0.854,0.003759
4201,2018-11-18T12:11:35.855500Z,20,s,0.347,0.00155
4202,2018-11-18T12:11:39.257500Z,5,s,0.687,0.002835
4203,2018-11-18T12:12:26.605500Z,3,s,0.604,0.004004
4204,2018-11-18T12:13:37.476000Z,23,s,0.657,0.002567
4205,2018-11-18T12:13:37.904500Z,23,s,0.504,0.002528
4206,2018-11-18T12:13:46.279000Z,20,s,0.789,0.003041
4207,2018-11-18T12:14:31.389500Z,22,s,0.847,0.004932
4208,2018-11-18T12:15:02.316000Z,4,s,0.308,0.006156
4209,2018-11-18T12:15:02.317000Z,4,p,0.559,0.006156
4210,2018-11-18T12:16:29.985500Z,13,s,0.928,0.004796
4211,2018-11-18T12:18:00.085500Z,5,s,0.879,0.002532
4212,2018-11-18T12:18:04.530500Z,20,s,0.42,0.001825
4213,2018-11-18T12:18:32.965500Z,13,s,0.456,0.003342
4214,2018-11-18T12:19:12.520000Z,20,p,0.623,0.001802
4215,2018-11-18T12:19:12.649000Z,20,s,0.622,0.001802
4216,2018-11-18T12:19:20.526500Z,20,s,0.707,0.003841
4217,2018-11-18T12:19:57.917500Z,5,s,0.631,0.003029
4218,2018-11-18T12:20:03.693500Z,11,s,0.531,0.003939
4219,2018-11-18T12:20:15.904500Z,20,s,0.71,0.001797
4220,2018-11-18T12:21:46.672500Z,24,s,0.477,0.004931
4221,2018-11-18T12:21:58.597500Z,13,p,0.447,0.002645
4222,2018-11-18T12:21:58.680500Z,13,s,0.354,0.002645
4223,2018-11-18T12:23:22.944500Z,20,p,0.709,0.001477
4224,2018-11-18T12:23:23.069000Z,20,s,0.672,0.001477
4225,2018-11-18T12:23:40.134500Z,20,s,0.531,0.00271
4226,2018-11-18T12:23:48.211500Z,15,p,0.417,0.01759
4227,2018-11-18T12:25:58.680500Z,6,s,0.375,0.002083
4228,2018-11-18T12:26:20.906500Z,20,s,0.523,0.001799
4229,2018-11-18T12:27:12.985000Z,5,s,0.892,0.003124
4230,2018-11-18T12:27:13.296500Z,1,s,0.341,0.001609
4231,2018-11-18T12:27:44.288500Z,5,s,0.387,0.002325
4232,2018-11-18T12:28:53.868000Z,1,s,0.429,0.002736
4233,2018-11-18T12:28:59.267000Z,20,s,0.829,0.002407
4234,2018-11-18T12:29:06.467500Z,24,p,0.979,0.03295
4235,2018-11-18T12:29:06.473500Z,23,p,0.987,0.07071
4236,2018-11-18T12:29:06.479000Z,22,p,0.974,0.04294
4237,2018-11-18T12:29:06.485500Z,21,p,0.988,0.02527
4238,2018-11-18T12:29:06.491000Z,20,p,0.978,0.01635
4239,2018-11-18T12:29:06.497000Z,19,p,0.978,0.01625
4240,2018-11-18T12:29:06.502000Z,18,p,0.976,0.01537
4241,2018-11-18T12:29:06.508000Z,17,p,0.98,0.009751
4242,2018-11-18T12:29:06.513500Z,16,p,0.977,0.01866
4243,2018-11-18T12:29:06.514500Z,24,s,0.896,0.02499
4244,2018-11-18T12:29:06.520000Z,15,p,0.961,0.007198
4245,2018-11-18T12:29:06.524500Z,23,s,0.958,0.07071
4246,2018-11-18T12:29:06.526000Z,14,p,0.965,0.007931
4247,2018-11-18T12:29:06.532000Z,13,p,0.941,0.00694
4248,2018-11-18T12:29:06.533500Z,22,s,0.942,0.04294
4249,2018-11-18T12:29:06.539000Z,12,p,0.969,0.005288
4250,2018-11-18T12:29:06.543000Z,21,s,0.93,0.02527
4251,2018-11-18T12:29:06.544000Z,11,p,0.942,0.006687
4252,2018-11-18T12:29:06.550000Z,10,p,0.947,0.003754
4253,2018-11-18T12:29:06.552500Z,20,s,0.939,0.01635
4254,2018-11-18T12:29:06.555000Z,9,p,0.925,0.003715
4255,2018-11-18T12:29:06.561500Z,19,s,0.955,0.01625
4256,2018-11-18T12:29:06.562000Z,8,p,0.962,0.00516
4257,2018-11-18T12:29:06.565500Z,7,p,0.903,0.003847
4258,2018-11-18T12:29:06.572000Z,18,s,0.916,0.01537
4259,2018-11-18T12:29:06.573000Z,6,p,0.944,0.002731
4260,2018-11-18T12:29:06.580000Z,5,p,0.971,0.003484
4261,2018-11-18T12:29:06.580500Z,17,s,0.911,0.009751
4262,2018-11-18T12:29:06.586000Z,4,p,0.947,0.004301
4263,2018-11-18T12:29:06.590500Z,16,s,0.772,0.01866
4264,2018-11-18T12:29:06.592000Z,3,p,0.968,0.003761
4265,2018-11-18T12:29:06.597500Z,2,p,0.934,0.00299
4266,2018-11-18T12:29:06.603500Z,1,p,0.637,0.002685
4267,2018-11-18T12:29:06.604500Z,15,s,0.814,0.007198
4268,2018-11-18T12:29:06.619000Z,14,s,0.807,0.007931
4269,2018-11-18T12:29:06.624500Z,13,s,0.864,0.00694
4270,2018-11-18T12:29:06.635000Z,12,s,0.869,0.005288
4271,2018-11-18T12:29:06.645000Z,11,s,0.896,0.006687
4272,2018-11-18T12:29:06.655000Z,10,s,0.933,0.003754
4273,2018-11-18T12:29:06.662000Z,9,s,0.891,0.003715
4274,2018-11-18T12:29:06.672500Z,8,s,0.743,0.00516
4275,2018-11-18T12:29:06.682500Z,7,s,0.763,0.003847
4276,2018-11-18T12:29:06.694500Z,6,s,0.571,0.002731
4277,2018-11-18T12:29:06.710000Z,4,s,0.792,0.004301
4278,2018-11-18T12:29:06.712500Z,5,s,0.634,0.003484
4279,2018-11-18T12:29:06.721000Z,3,s,0.766,0.003761
4280,2018-11-18T12:29:06.738000Z,1,s,0.789,0.002685
4281,2018-11-18T12:29:06.738000Z,2,s,0.629,0.00299
4282,2018-11-18T12:29:22.580000Z,11,s,0.66,0.003356
4283,2018-11-18T12:29:26.964500Z,14,p,0.343,0.001971
4284,2018-11-18T12:29:54.833500Z,20,s,0.597,0.002057
4285,2018-11-18T12:32:56.643500Z,24,p,0.944,0.0186
4286,2018-11-18T12:32:56.649000Z,23,p,0.977,0.0306
4287,2018-11-18T12:32:56.655000Z,22,p,0.963,0.01888
4288,2018-11-18T12:32:56.661000Z,21,p,0.981,0.01722
4289,2018-11-18T12:32:56.665500Z,20,p,0.971,0.008648
4290,2018-11-18T12:32:56.671500Z,19,p,0.962,0.008166
4291,2018-11-18T12:32:56.674000Z,10,p,0.303,0.001153
4292,2018-11-18T12:32:56.678000Z,18,p,0.964,0.01207
4293,2018-11-18T12:32:56.683000Z,17,p,0.94,0.005669
4294,2018-11-18T12:32:56.689500Z,16,p,0.954,0.01048
4295,2018-11-18T12:32:56.693500Z,24,s,0.644,0.01126
4296,2018-11-18T12:32:56.694000Z,15,p,0.896,0.003963
4297,2018-11-18T12:32:56.701500Z,14,p,0.848,0.003667
4298,2018-11-18T12:32:56.701500Z,23,s,0.919,0.02723
4299,2018-11-18T12:32:56.709500Z,13,p,0.98,0.003786
4300,2018-11-18T12:32:56.711500Z,22,s,0.951,0.0177
4301,2018-11-18T12:32:56.715000Z,12,p,0.974,0.004077
4302,2018-11-18T12:32:56.718500Z,11,p,0.827,0.003515
4303,2018-11-18T12:32:56.722000Z,21,s,0.924,0.01722
4304,2018-11-18T12:32:56.724500Z,10,p,0.455,0.003115
4305,2018-11-18T12:32:56.729500Z,9,p,0.659,0.002055
4306,2018-11-18T12:32:56.731000Z,20,s,0.833,0.007912
4307,2018-11-18T12:32:56.738500Z,8,p,0.963,0.003647
4308,2018-11-18T12:32:56.740500Z,19,s,0.935,0.008166
4309,2018-11-18T12:32:56.743500Z,7,p,0.938,0.001862
4310,2018-11-18T12:32:56.754500Z,18,s,0.804,0.01207
4311,2018-11-18T12:32:56.760000Z,17,s,0.911,0.003795
4312,2018-11-18T12:32:56.761500Z,4,p,0.852,0.001984
4313,2018-11-18T12:32:56.773000Z,16,s,0.791,0.01048
4314,2018-11-18T12:32:56.773500Z,2,p,0.87,0.001743
4315,2018-11-18T12:32:56.782000Z,15,s,0.78,0.003963
4316,2018-11-18T12:32:56.793000Z,14,s,0.853,0.003667
4317,2018-11-18T12:32:56.801000Z,13,s,0.879,0.003556
4318,2018-11-18T12:32:56.811000Z,12,s,0.87,0.004077
4319,2018-11-18T12:32:56.820500Z,11,s,0.828,0.003515
4320,2018-11-18T12:32:56.830500Z,10,s,0.872,0.003115
4321,2018-11-18T12:32:56.840500Z,9,s,0.848,0.002055
4322,2018-11-18T12:32:56.850500Z,8,s,0.873,0.002403
4323,2018-11-18T12:32:56.857000Z,7,s,0.685,0.001862
4324,2018-11-18T12:32:56.892500Z,4,s,0.579,0.001984
4325,2018-11-18T12:32:56.911000Z,2,s,0.717,0.001743
4326,2018-11-18T12:32:56.914500Z,1,s,0.431,0.00165
4327,2018-11-18T12:33:15.707000Z,11,s,0.73,0.005445
4328,2018-11-18T12:33:49.779500Z,20,s,0.681,0.002613
4329,2018-11-18T12:33:51.082000Z,20,p,0.7,0.003027
4330,2018-11-18T12:33:51.183000Z,20,s,0.83,0.003027
4331,2018-11-18T12:33:52.349500Z,23,s,0.375,0.002232
4332,2018-11-18T12:34:07.912500Z,24,s,0.353,0.006187
4333,2018-11-18T12:34:43.172000Z,14,s,0.481,0.006936
4334,2018-11-18T12:35:11.247500Z,5,s,0.7,0.00252
4335,2018-11-18T12:35:11.970500Z,6,p,0.329,0.002062
4336,2018-11-18T12:35:12.117500Z,13,p,0.502,0.002226
4337,2018-11-18T12:35:22.821500Z,8,s,0.519,0.002024
4338,2018-11-18T12:35:46.010500Z,2,p,0.361,0.002023
4339,2018-11-18T12:35:46.034000Z,5,p,0.608,0.001791
4340,2018-11-18T12:36:02.846500Z,6,s,0.387,0.002191
4341,2018-11-18T12:36:02.978500Z,5,s,0.354,0.00228
4342,2018-11-18T12:37:08.781500Z,23,s,0.365,0.001541
4343,2018-11-18T12:37:33.267500Z,11,s,0.686,0.00316
4344,2018-11-18T12:37:37.904500Z,5,s,0.637,0.003545
4345,2018-11-18T12:38:01.195500Z,22,p,0.902,0.004572
4346,2018-11-18T12:38:01.284000Z,22,s,0.725,0.004572
4347,2018-11-18T12:38:23.455500Z,3,s,0.683,0.004429
4348,2018-11-18T12:38:33.418500Z,24,p,0.979,0.02861
4349,2018-11-18T12:38:33.423500Z,23,p,0.985,0.04368
4350,2018-11-18T12:38:33.427500Z,22,p,0.985,0.02797
4351,2018-11-18T12:38:33.432500Z,21,p,0.983,0.01723
4352,2018-11-18T12:38:33.437500Z,20,p,0.984,0.02549
4353,2018-11-18T12:38:33.443500Z,19,p,0.983,0.01711
4354,2018-11-18T12:38:33.449500Z,18,p,0.974,0.01105
4355,2018-11-18T12:38:33.456000Z,17,p,0.974,0.01644
4356,2018-11-18T12:38:33.461500Z,16,p,0.981,0.02321
4357,2018-11-18T12:38:33.466000Z,11,p,0.608,0.007318
4358,2018-11-18T12:38:33.467000Z,15,p,0.965,0.008424
4359,2018-11-18T12:38:33.472000Z,14,p,0.975,0.01128
4360,2018-11-18T12:38:33.477500Z,24,s,0.952,0.02861
4361,2018-11-18T12:38:33.479500Z,13,p,0.979,0.009159
4362,2018-11-18T12:38:33.483500Z,12,p,0.89,0.007164
4363,2018-11-18T12:38:33.485500Z,23,s,0.971,0.04368
4364,2018-11-18T12:38:33.491000Z,22,s,0.912,0.02797
4365,2018-11-18T12:38:33.496500Z,10,p,0.552,0.01115
4366,2018-11-18T12:38:33.500000Z,9,p,0.826,0.006489
4367,2018-11-18T12:38:33.500500Z,21,s,0.954,0.01723
4368,2018-11-18T12:38:33.503500Z,8,p,0.827,0.006439
4369,2018-11-18T12:38:33.510500Z,20,s,0.961,0.02549
4370,2018-11-18T12:38:33.513500Z,7,p,0.959,0.005195
4371,2018-11-18T12:38:33.519500Z,6,p,0.908,0.003863
4372,2018-11-18T12:38:33.520500Z,19,s,0.953,0.01711
4373,2018-11-18T12:38:33.525500Z,5,p,0.972,0.004023
4374,2018-11-18T12:38:33.530000Z,4,p,0.962,0.006751
4375,2018-11-18T12:38:33.530500Z,18,s,0.96,0.01105
4376,2018-11-18T12:38:33.539000Z,17,s,0.955,0.01644
4377,2018-11-18T12:38:33.539000Z,3,p,0.825,0.004452
4378,2018-11-18T12:38:33.544000Z,2,p,0.84,0.004185
4379,2018-11-18T12:38:33.549000Z,16,s,0.907,0.02321
4380,2018-11-18T12:38:33.554500Z,1,p,0.627,0.003622
4381,2018-11-18T12:38:33.558500Z,15,s,0.952,0.008424
4382,2018-11-18T12:38:33.568500Z,14,s,0.952,0.01128
4383,2018-11-18T12:38:33.578500Z,13,s,0.909,0.009159
4384,2018-11-18T12:38:33.587000Z,12,s,0.893,0.007164
4385,2018-11-18T12:38:33.596000Z,11,s,0.929,0.007318
4386,2018-11-18T12:38:33.605000Z,10,s,0.952,0.01115
4387,2018-11-18T12:38:33.613500Z,9,s,0.941,0.006489
4388,2018-11-18T12:38:33.623000Z,8,s,0.904,0.006439
4389,2018-11-18T12:38:33.633500Z,7,s,0.942,0.005195
4390,2018-11-18T12:38:33.642000Z,6,s,0.879,0.003863
4391,2018-11-18T12:38:33.650000Z,5,s,0.838,0.004023
4392,2018-11-18T12:38:33.661000Z,4,s,0.862,0.006751
4393,2018-11-18T12:38:33.673500Z,3,s,0.759,0.004452
4394,2018-11-18T12:38:33.682000Z,2,s,0.81,0.004185
4395,2018-11-18T12:38:33.698000Z,1,s,0.85,0.003622
4396,2018-11-18T12:38:58.925500Z,11,p,0.346,0.001978
4397,2018-11-18T12:39:38.470500Z,20,p,0.419,0.00131
4398,2018-11-18T12:39:38.518000Z,20,p,0.317,0.002449
4399,2018-11-18T12:39:38.659000Z,20,s,0.806,0.002449
4400,2018-11-18T12:39:49.790500Z,24,s,0.672,0.002843
4401,2018-11-18T12:39:49.797000Z,23,p,0.938,0.004454
4402,2018-11-18T12:39:49.849000Z,23,s,0.862,0.004454
4403,2018-11-18T12:39:50.646500Z,20,p,0.393,0.001962
4404,2018-11-18T12:39:50.815000Z,20,s,0.573,0.001962
4405,2018-11-18T12:40:11.946500Z,5,p,0.323,0.001677
4406,2018-11-18T12:40:14.709500Z,6,s,0.341,0.001862
4407,2018-11-18T12:40:16.215500Z,6,s,0.336,0.002189
4408,2018-11-18T12:40:22.838500Z,6,s,0.303,0.002221
4409,2018-11-18T12:41:04.900000Z,23,p,0.564,0.002594
4410,2018-11-18T12:41:05.005500Z,23,s,0.57,0.002594
4411,2018-11-18T12:41:33.215500Z,19,p,0.434,0.001777
4412,2018-11-18T12:42:13.034000Z,13,p,0.358,0.002182
4413,2018-11-18T12:42:33.182500Z,5,p,0.321,0.002258
4414,2018-11-18T12:42:33.194500Z,6,p,0.458,0.002391
4415,2018-11-18T12:42:33.631000Z,2,s,0.402,0.003824
4416,2018-11-18T12:42:33.698500Z,5,s,0.576,0.005742
4417,2018-11-18T12:42:33.722500Z,6,s,0.568,0.006055
4418,2018-11-18T12:42:33.842500Z,12,s,0.321,0.004365
4419,2018-11-18T12:42:33.860000Z,13,s,0.377,0.004604
4420,2018-11-18T12:42:34.006500Z,19,s,0.402,0.002623
4421,2018-11-18T12:42:43.743500Z,10,p,0.399,0.002039
4422,2018-11-18T12:42:46.031500Z,5,s,0.338,0.002645
4423,2018-11-18T12:43:20.604000Z,9,s,0.398,0.002201
4424,2018-11-18T12:43:22.378000Z,21,p,0.524,0.001955
4425,2018-11-18T12:44:23.802500Z,4,s,0.302,0.001981
4426,2018-11-18T12:44:23.844500Z,5,s,0.316,0.002343
4427,2018-11-18T12:45:00.104500Z,5,p,0.604,0.002837
4428,2018-11-18T12:45:00.222500Z,5,s,0.727,0.002837
4429,2018-11-18T12:45:04.449500Z,23,s,0.516,0.002495
4430,2018-11-18T12:45:11.749500Z,6,p,0.37,0.002237
4431,2018-11-18T12:45:12.628000Z,20,p,0.362,0.003892
4432,2018-11-18T12:45:34.968500Z,6,s,0.394,0.00173
4433,2018-11-18T12:45:50.321500Z,8,s,0.571,0.002984
4434,2018-11-18T12:46:01.745500Z,11,s,0.562,0.004781
4435,2018-11-18T12:46:03.442500Z,20,s,0.622,0.002083
4436,2018-11-18T12:46:29.747500Z,6,s,0.394,0.001559
4437,2018-11-18T12:46:50.038500Z,6,s,0.332,0.002152
4438,2018-11-18T12:46:50.215000Z,13,p,0.303,0.001994
4439,2018-11-18T12:48:39.491000Z,1,s,0.826,0.00272
4440,2018-11-18T12:49:34.582500Z,20,p,0.313,0.002369
4441,2018-11-18T12:49:34.888000Z,20,s,0.87,0.002369
4442,2018-11-18T12:49:35.919500Z,6,p,0.304,0.002199
4443,2018-11-18T12:49:36.258500Z,5,p,0.377,0.001883
4444,2018-11-18T12:49:36.290500Z,6,s,0.305,0.002199
4445,2018-11-18T12:49:57.092000Z,22,s,0.728,0.0048
4446,2018-11-18T12:50:21.356000Z,15,s,0.531,0.009085
4447,2018-11-18T12:50:37.903000Z,5,p,0.523,0.002547
4448,2018-11-18T12:50:37.995000Z,5,s,0.77,0.002547
4449,2018-11-18T12:51:26.800500Z,5,s,0.371,0.002904
4450,2018-11-18T12:52:35.277500Z,19,s,0.657,0.002066
4451,2018-11-18T12:52:43.853500Z,15,p,0.343,0.002129
4452,2018-11-18T12:52:56.287500Z,11,s,0.314,0.004772
4453,2018-11-18T12:53:12.223500Z,24,p,0.632,0.006506
4454,2018-11-18T12:53:12.239500Z,22,p,0.902,0.003143
4455,2018-11-18T12:53:12.239500Z,21,p,0.586,0.001916
4456,2018-11-18T12:53:12.246000Z,23,p,0.614,0.002796
4457,2018-11-18T12:53:12.247500Z,20,p,0.896,0.00311
4458,2018-11-18T12:53:12.331500Z,24,s,0.894,0.006506
4459,2018-11-18T12:53:12.338500Z,23,s,0.909,0.002796
4460,2018-11-18T12:53:12.346000Z,22,s,0.858,0.003143
4461,2018-11-18T12:53:12.351000Z,21,s,0.689,0.001747
4462,2018-11-18T12:53:12.358500Z,20,s,0.706,0.00311
4463,2018-11-18T12:53:14.770500Z,4,p,0.303,0.006367
4464,2018-11-18T12:53:14.772500Z,4,s,0.613,0.006367
4465,2018-11-18T12:53:20.135500Z,12,p,0.371,0.001818
4466,2018-11-18T12:54:03.845500Z,8,s,0.343,0.001934
4467,2018-11-18T12:54:55.547000Z,20,s,0.805,0.002488
4468,2018-11-18T12:55:24.864000Z,6,s,0.403,0.004201
4469,2018-11-18T12:56:56.093500Z,9,s,0.38,0.001623
4470,2018-11-18T12:59:28.573500Z,22,s,0.306,0.003696
4471,2018-11-18T12:59:34.006500Z,5,p,0.403,0.002696
4472,2018-11-18T12:59:34.115000Z,5,s,0.819,0.002696
4473,2018-11-18T12:59:35.121500Z,5,s,0.429,0.002353
4474,2018-11-18T12:59:49.924000Z,20,s,0.733,0.002428
4475,2018-11-18T12:59:57.267500Z,5,p,0.372,0.003425
4476,2018-11-18T12:59:57.388500Z,5,s,0.489,0.003425
4477,2018-11-18T13:00:30.033500Z,23,s,0.48,0.003018
4478,2018-11-18T13:00:39.196500Z,19,p,0.433,0.003279
4479,2018-11-18T13:00:39.313500Z,19,s,0.353,0.003279
4480,2018-11-18T13:00:41.607500Z,22,s,0.485,0.0054
4481,2018-11-18T13:00:58.704500Z,17,s,0.33,0.002342
4482,2018-11-18T13:01:04.858000Z,11,p,0.351,0.003957
4483,2018-11-18T13:01:04.932000Z,11,s,0.827,0.003957
4484,2018-11-18T13:02:40.857500Z,8,p,0.386,0.002944
4485,2018-11-18T13:02:41.024500Z,8,s,0.648,0.002944
4486,2018-11-18T13:03:35.549500Z,17,s,0.449,0.00184
4487,2018-11-18T13:03:36.046500Z,1,s,0.544,0.002357
4488,2018-11-18T13:03:53.935500Z,16,p,0.454,0.005286
4489,2018-11-18T13:03:54.037000Z,24,p,0.962,0.005521
4490,2018-11-18T13:03:54.041500Z,23,p,0.968,0.005838
4491,2018-11-18T13:03:54.043000Z,22,p,0.853,0.004894
4492,2018-11-18T13:03:54.048000Z,12,p,0.388,0.004502
4493,2018-11-18T13:03:54.048000Z,21,p,0.918,0.004602
4494,2018-11-18T13:03:54.051500Z,20,p,0.955,0.003717
4495,2018-11-18T13:03:54.053500Z,19,p,0.885,0.003808
4496,2018-11-18T13:03:54.062500Z,17,s,0.819,0.003415
4497,2018-11-18T13:03:54.067000Z,16,s,0.862,0.005286
4498,2018-11-18T13:03:54.072000Z,14,s,0.691,0.002947
4499,2018-11-18T13:03:54.077000Z,13,p,0.364,0.004896
4500,2018-11-18T13:03:54.079000Z,13,s,0.53,0.004896
4501,2018-11-18T13:03:54.084500Z,12,s,0.771,0.004502
4502,2018-11-18T13:03:54.085500Z,10,p,0.51,0.001574
4503,2018-11-18T13:03:54.087500Z,11,p,0.857,0.002144
4504,2018-11-18T13:03:54.117500Z,4,p,0.517,0.00202
4505,2018-11-18T13:03:54.168500Z,24,s,0.86,0.005521
4506,2018-11-18T13:03:54.171000Z,23,s,0.885,0.005838
4507,2018-11-18T13:03:54.184500Z,22,s,0.398,0.002616
4508,2018-11-18T13:03:54.189500Z,21,s,0.533,0.002794
4509,2018-11-18T13:03:54.192000Z,20,s,0.674,0.003004
4510,2018-11-18T13:03:54.234500Z,13,s,0.578,0.002259
4511,2018-11-18T13:03:54.237500Z,12,s,0.335,0.001726
4512,2018-11-18T13:03:54.267500Z,8,s,0.31,0.001576
4513,2018-11-18T13:03:54.272000Z,11,s,0.532,0.001516
4514,2018-11-18T13:04:11.493500Z,2,p,0.378,0.002289
4515,2018-11-18T13:04:27.581000Z,13,p,0.345,0.001619
4516,2018-11-18T13:04:40.696500Z,24,s,0.556,0.004456
4517,2018-11-18T13:04:56.012500Z,13,p,0.317,0.002026
4518,2018-11-18T13:05:32.265500Z,23,p,0.348,0.003398
4519,2018-11-18T13:05:32.396000Z,23,s,0.652,0.003398
4520,2018-11-18T13:06:01.182500Z,10,p,0.399,0.001879
4521,2018-11-18T13:06:01.256500Z,10,s,0.593,0.02772
4522,2018-11-18T13:06:01.257500Z,10,p,0.316,0.02772
4523,2018-11-18T13:06:14.026500Z,6,s,0.344,0.00187
4524,2018-11-18T13:06:21.646000Z,13,s,0.391,0.003939
4525,2018-11-18T13:06:21.667500Z,12,s,0.314,0.002621
4526,2018-11-18T13:06:21.668000Z,12,p,0.381,0.002621
4527,2018-11-18T13:07:12.034000Z,6,s,0.314,0.001653
4528,2018-11-18T13:07:42.640500Z,5,p,0.406,0.003093
4529,2018-11-18T13:07:42.746000Z,5,s,0.76,0.003093
4530,2018-11-18T13:07:48.935000Z,1,s,0.791,0.003033
4531,2018-11-18T13:08:17.980500Z,5,s,0.795,0.002992
4532,2018-11-18T13:08:26.823500Z,6,s,0.362,0.001802
4533,2018-11-18T13:08:29.365500Z,23,s,0.301,0.00241
4534,2018-11-18T13:08:53.061500Z,11,p,0.437,0.004306
4535,2018-11-18T13:08:53.193000Z,11,s,0.828,0.004306
4536,2018-11-18T13:09:53.217500Z,20,p,0.446,0.002043
4537,2018-11-18T13:09:53.396500Z,20,s,0.714,0.002043
4538,2018-11-18T13:10:30.848500Z,20,s,0.559,0.003443
4539,2018-11-18T13:10:33.622500Z,5,s,0.346,0.002061
4540,2018-11-18T13:10:33.634500Z,6,s,0.322,0.002523
4541,2018-11-18T13:12:35.384500Z,23,s,0.312,0.00256
4542,2018-11-18T13:13:34.880500Z,22,s,0.607,0.005225
4543,2018-11-18T13:13:47.708500Z,15,p,0.329,0.01209
4544,2018-11-18T13:13:47.711500Z,15,s,0.505,0.01209
4545,2018-11-18T13:14:27.662000Z,20,p,0.651,0.002016
4546,2018-11-18T13:14:27.846500Z,20,s,0.519,0.002016
4547,2018-11-18T13:15:00.561000Z,20,s,0.79,0.00238
4548,2018-11-18T13:15:48.821500Z,12,p,0.307,0.002129
4549,2018-11-18T13:15:58.474000Z,5,s,0.7,0.00378
4550,2018-11-18T13:16:44.474500Z,16,p,0.414,0.01398
4551,2018-11-18T13:16:44.476500Z,16,s,0.57,0.01398
4552,2018-11-18T13:16:44.682000Z,16,p,0.371,0.02271
4553,2018-11-18T13:16:44.713500Z,16,s,0.799,0.02271
4554,2018-11-18T13:17:19.213500Z,11,s,0.492,0.003496
4555,2018-11-18T13:17:34.117500Z,8,s,0.354,0.002069
4556,2018-11-18T13:17:45.340000Z,3,s,0.36,0.004002
4557,2018-11-18T13:18:26.844500Z,20,s,0.472,0.002094
4558,2018-11-18T13:20:24.866000Z,20,s,0.779,0.002479
4559,2018-11-18T13:21:50.667500Z,23,s,0.338,0.002062
4560,2018-11-18T13:22:23.224000Z,24,p,0.473,0.00474
4561,2018-11-18T13:22:23.317500Z,24,s,0.594,0.00474
4562,2018-11-18T13:22:27.676500Z,20,p,0.417,0.002344
4563,2018-11-18T13:22:27.836000Z,23,p,0.545,0.005307
4564,2018-11-18T13:22:27.842000Z,24,p,0.317,0.006558
4565,2018-11-18T13:22:27.910500Z,24,s,0.912,0.006558
4566,2018-11-18T13:22:27.918000Z,23,s,0.752,0.005307
4567,2018-11-18T13:22:27.941500Z,20,s,0.66,0.002344
4568,2018-11-18T13:23:11.223500Z,8,p,0.389,0.002657
4569,2018-11-18T13:23:11.381500Z,8,s,0.348,0.002657
4570,2018-11-18T13:23:15.230500Z,8,s,0.556,0.003162
4571,2018-11-18T13:23:19.574500Z,17,s,0.691,0.002148
4572,2018-11-18T13:24:03.385500Z,23,s,0.606,0.003452
4573,2018-11-18T13:24:08.348500Z,5,p,0.31,0.004072
4574,2018-11-18T13:24:08.429500Z,5,s,0.71,0.004072
4575,2018-11-18T13:24:13.097500Z,20,s,0.754,0.002348
4576,2018-11-18T13:24:27.168000Z,19,p,0.9,0.002239
4577,2018-11-18T13:24:27.375000Z,19,s,0.702,0.002239
4578,2018-11-18T13:24:33.957500Z,5,s,0.734,0.002738
4579,2018-11-18T13:24:34.721500Z,20,p,0.677,0.002037
4580,2018-11-18T13:24:34.900000Z,20,s,0.561,0.002037
4581,2018-11-18T13:24:37.161500Z,23,s,0.383,0.002044
4582,2018-11-18T13:24:53.732000Z,6,s,0.379,0.001719
4583,2018-11-18T13:25:16.642500Z,20,s,0.767,0.002802
4584,2018-11-18T13:25:33.285500Z,19,s,0.336,0.003165
4585,2018-11-18T13:25:38.820000Z,10,s,0.67,0.006697
4586,2018-11-18T13:26:02.696500Z,11,s,0.395,0.003592
4587,2018-11-18T13:27:03.596000Z,1,s,0.808,0.002791
4588,2018-11-18T13:27:58.861000Z,20,s,0.489,0.001769
4589,2018-11-18T13:28:21.398000Z,6,p,0.568,0.001726
4590,2018-11-18T13:28:22.076000Z,5,p,0.436,0.001756
4591,2018-11-18T13:28:45.112000Z,6,s,0.432,0.001836
4592,2018-11-18T13:30:27.670500Z,20,s,0.691,0.002452
4593,2018-11-18T13:30:47.738000Z,15,p,0.673,0.007633
4594,2018-11-18T13:31:16.535500Z,2,s,0.667,0.002191
4595,2018-11-18T13:31:52.775500Z,5,p,0.336,0.003662
4596,2018-11-18T13:31:52.848500Z,5,s,0.826,0.003662
4597,2018-11-18T13:32:25.019500Z,5,s,0.572,0.002536
4598,2018-11-18T13:33:37.613000Z,4,s,0.704,0.006051
4599,2018-11-18T13:34:38.470500Z,20,s,0.412,0.002032
4600,2018-11-18T13:35:54.687500Z,11,s,0.841,0.002864
4601,2018-11-18T13:35:56.548000Z,20,p,0.42,0.001701
4602,2018-11-18T13:35:56.810000Z,20,s,0.643,0.001701
4603,2018-11-18T13:35:58.756000Z,23,p,0.547,0.003027
4604,2018-11-18T13:35:58.853500Z,23,s,0.615,0.003027
4605,2018-11-18T13:36:06.350500Z,20,s,0.357,0.003347
4606,2018-11-18T13:36:35.360500Z,19,s,0.579,0.003289
4607,2018-11-18T13:37:35.837500Z,5,s,0.714,0.003207
4608,2018-11-18T13:37:53.307500Z,10,s,0.343,0.00181
4609,2018-11-18T13:39:45.264500Z,22,s,0.648,0.005469
4610,2018-11-18T13:40:09.109500Z,5,s,0.746,0.002559
4611,2018-11-18T13:40:24.163500Z,24,s,0.683,0.005845
4612,2018-11-18T13:40:34.005500Z,20,s,0.534,0.002842
4613,2018-11-18T13:40:58.196000Z,15,p,0.635,0.01111
4614,2018-11-18T13:41:31.104500Z,15,p,0.548,0.002204
4615,2018-11-18T13:41:51.102500Z,11,s,0.626,0.004067
4616,2018-11-18T13:42:03.150000Z,5,p,0.308,0.002371
4617,2018-11-18T13:42:27.410000Z,5,s,0.837,0.002521
4618,2018-11-18T13:42:49.751500Z,2,p,0.363,0.002848
4619,2018-11-18T13:42:49.812000Z,2,s,0.522,0.002848
4620,2018-11-18T13:42:53.783500Z,6,s,0.372,0.001616
4621,2018-11-18T13:43:58.817500Z,2,p,0.433,0.001738
4622,2018-11-18T13:43:58.918500Z,6,s,0.357,0.002474
4623,2018-11-18T13:43:59.000000Z,2,s,0.411,0.001662
4624,2018-11-18T13:44:40.226500Z,2,p,0.478,0.003493
4625,2018-11-18T13:44:40.296500Z,4,p,0.304,0.002407
4626,2018-11-18T13:44:40.350500Z,6,s,0.472,0.005127
4627,2018-11-18T13:44:40.367500Z,7,s,0.306,0.001939
4628,2018-11-18T13:44:40.372000Z,8,p,0.301,0.003091
4629,2018-11-18T13:44:40.452000Z,11,p,0.516,0.002697
4630,2018-11-18T13:44:40.568500Z,17,p,0.444,0.003025
4631,2018-11-18T13:44:40.679500Z,22,s,0.318,0.001822
4632,2018-11-18T13:44:54.011500Z,6,s,0.333,0.002392
4633,2018-11-18T13:44:54.162500Z,13,s,0.467,0.001904
4634,2018-11-18T13:45:08.249500Z,23,s,0.601,0.002391
4635,2018-11-18T13:45:08.732500Z,20,p,0.304,0.001791
4636,2018-11-18T13:45:33.098500Z,5,s,0.473,0.001909
4637,2018-11-18T13:45:33.110500Z,6,s,0.331,0.002177
4638,2018-11-18T13:45:57.148500Z,1,p,0.303,0.00256
4639,2018-11-18T13:45:57.339000Z,1,s,0.799,0.00256
4640,2018-11-18T13:45:57.452500Z,3,s,0.342,0.002135
4641,2018-11-18T13:46:04.980000Z,20,p,0.436,0.002569
4642,2018-11-18T13:46:05.116500Z,20,s,0.852,0.002569
4643,2018-11-18T13:46:28.097000Z,2,s,0.828,0.002872
4644,2018-11-18T13:46:56.885500Z,2,s,0.311,0.001693
4645,2018-11-18T13:46:56.948500Z,5,s,0.325,0.002543
4646,2018-11-18T13:46:56.970500Z,6,s,0.412,0.002326
4647,2018-11-18T13:46:57.114000Z,13,p,0.454,0.001864
4648,2018-11-18T13:47:04.130000Z,5,p,0.339,0.001933
4649,2018-11-18T13:47:04.167500Z,6,s,0.317,0.001955
4650,2018-11-18T13:47:44.400500Z,22,s,0.357,0.00451
4651,2018-11-18T13:47:47.573500Z,5,s,0.465,0.002623
4652,2018-11-18T13:48:16.897500Z,5,s,0.332,0.002251
4653,2018-11-18T13:48:35.913500Z,3,s,0.312,0.003211
4654,2018-11-18T13:48:41.066500Z,2,s,0.824,0.01377
4655,2018-11-18T13:49:04.624500Z,15,p,0.51,0.001807
4656,2018-11-18T13:49:04.649500Z,16,p,0.313,0.00159
4657,2018-11-18T13:49:31.066500Z,16,s,0.328,0.002625
4658,2018-11-18T13:49:43.789500Z,23,s,0.47,0.002346
4659,2018-11-18T13:50:52.978500Z,20,s,0.657,0.002768
4660,2018-11-18T13:51:05.463500Z,11,s,0.415,0.00363
4661,2018-11-18T13:51:52.969500Z,2,s,0.598,0.002653
4662,2018-11-18T13:52:01.817500Z,5,p,0.44,0.006569
4663,2018-11-18T13:52:01.865000Z,5,s,0.916,0.006569
4664,2018-11-18T13:52:22.948000Z,9,s,0.654,0.01299
4665,2018-11-18T13:52:40.072500Z,24,s,0.427,0.00562
4666,2018-11-18T13:53:33.954000Z,5,s,0.755,0.002599
4667,2018-11-18T13:55:03.738000Z,5,p,0.445,0.003667
4668,2018-11-18T13:55:03.797500Z,5,s,0.834,0.003667
4669,2018-11-18T13:55:06.905500Z,1,s,0.372,0.001627
4670,2018-11-18T13:55:47.637000Z,5,s,0.664,0.002973
4671,2018-11-18T13:55:49.718500Z,23,p,0.363,0.00272
4672,2018-11-18T13:56:06.230000Z,20,s,0.8,0.00295
4673,2018-11-18T13:56:39.372500Z,14,s,0.34,0.001992
4674,2018-11-18T13:57:10.913500Z,22,s,0.625,0.001819
4675,2018-11-18T13:57:47.356500Z,3,s,0.631,0.003339
4676,2018-11-18T13:57:54.720000Z,1,s,0.653,0.001719
4677,2018-11-18T13:58:25.233500Z,11,s,0.729,0.004081
4678,2018-11-18T13:58:36.898500Z,20,s,0.641,0.001941
4679,2018-11-18T13:58:41.390000Z,15,p,0.306,0.008438
4680,2018-11-18T13:58:43.341500Z,24,s,0.689,0.004834
4681,2018-11-18T13:59:18.014500Z,13,s,0.462,0.003808
4682,2018-11-18T13:59:39.349000Z,5,s,0.834,0.002652
4683,2018-11-18T14:00:00.616500Z,20,s,0.606,0.001821
4684,2018-11-18T14:00:39.395500Z,23,s,0.427,0.002853
4685,2018-11-18T14:00:49.474500Z,19,s,0.363,0.002407
4686,2018-11-18T14:01:20.792000Z,19,s,0.527,0.004086
4687,2018-11-18T14:01:39.248500Z,8,s,0.79,0.003201
4688,2018-11-18T14:01:44.918500Z,22,p,0.3,0.004822
4689,2018-11-18T14:01:45.058000Z,22,s,0.774,0.004822
4690,2018-11-18T14:01:57.516500Z,11,p,0.419,0.002107
4691,2018-11-18T14:01:57.538000Z,16,s,0.864,0.004545
4692,2018-11-18T14:01:57.558500Z,17,s,0.326,0.00333
4693,2018-11-18T14:01:57.572000Z,13,s,0.818,0.004808
4694,2018-11-18T14:01:57.592000Z,12,s,0.678,0.003499
4695,2018-11-18T14:01:57.619500Z,11,s,0.351,0.002107
4696,2018-11-18T14:02:24.255500Z,24,p,0.976,0.2761
4697,2018-11-18T14:02:24.261500Z,23,p,0.984,0.3074
4698,2018-11-18T14:02:24.267000Z,22,p,0.987,0.2201
4699,2018-11-18T14:02:24.273000Z,21,p,0.98,0.1594
4700,2018-11-18T14:02:24.277500Z,20,p,0.983,0.0936
4701,2018-11-18T14:02:24.283500Z,19,p,0.986,0.09736
4702,2018-11-18T14:02:24.289500Z,18,p,0.988,0.09272
4703,2018-11-18T14:02:24.294000Z,17,p,0.974,0.07179
4704,2018-11-18T14:02:24.299500Z,16,p,0.986,0.05126
4705,2018-11-18T14:02:24.305500Z,15,p,0.984,0.04269
4706,2018-11-18T14:02:24.311000Z,14,p,0.983,0.03029
4707,2018-11-18T14:02:24.318000Z,13,p,0.965,0.05505
4708,2018-11-18T14:02:24.323500Z,12,p,0.984,0.05577
4709,2018-11-18T14:02:24.323500Z,24,s,0.932,0.09216
4710,2018-11-18T14:02:24.328500Z,11,p,0.988,0.033
4711,2018-11-18T14:02:24.333000Z,23,s,0.964,0.1255
4712,2018-11-18T14:02:24.334000Z,10,p,0.979,0.02809
4713,2018-11-18T14:02:24.339500Z,9,p,0.984,0.01846
4714,2018-11-18T14:02:24.341500Z,22,s,0.947,0.06796
4715,2018-11-18T14:02:24.345000Z,8,p,0.977,0.0185
4716,2018-11-18T14:02:24.350000Z,7,p,0.976,0.01219
4717,2018-11-18T14:02:24.350000Z,21,s,0.954,0.04228
4718,2018-11-18T14:02:24.356000Z,6,p,0.978,0.01159
4719,2018-11-18T14:02:24.361000Z,5,p,0.974,0.01099
4720,2018-11-18T14:02:24.364500Z,20,s,0.616,0.0576
4721,2018-11-18T14:02:24.367500Z,4,p,0.946,0.01272
4722,2018-11-18T14:02:24.368500Z,19,s,0.954,0.03132
4723,2018-11-18T14:02:24.372000Z,3,p,0.957,0.009148
4724,2018-11-18T14:02:24.378000Z,2,p,0.966,0.01067
4725,2018-11-18T14:02:24.378500Z,18,s,0.933,0.02747
4726,2018-11-18T14:02:24.381500Z,1,p,0.962,0.007147
4727,2018-11-18T14:02:24.384500Z,17,s,0.853,0.0318
4728,2018-11-18T14:02:24.400000Z,16,s,0.693,0.03385
4729,2018-11-18T14:02:24.410000Z,15,s,0.888,0.01982
4730,2018-11-18T14:02:24.418000Z,14,s,0.753,0.01355
4731,2018-11-18T14:02:24.428500Z,13,s,0.719,0.01661
4732,2018-11-18T14:02:24.439000Z,12,s,0.871,0.01339
4733,2018-11-18T14:02:24.452500Z,11,s,0.829,0.0114
4734,2018-11-18T14:02:24.461000Z,10,s,0.727,0.01391
4735,2018-11-18T14:02:24.471000Z,9,s,0.792,0.01172
4736,2018-11-18T14:02:24.482500Z,8,s,0.831,0.01499
4737,2018-11-18T14:02:24.488000Z,7,s,0.832,0.01046
4738,2018-11-18T14:02:24.499000Z,6,s,0.823,0.008954
4739,2018-11-18T14:02:24.508500Z,5,s,0.795,0.005128
4740,2018-11-18T14:02:24.519000Z,4,s,0.773,0.008857
4741,2018-11-18T14:02:24.524500Z,3,s,0.809,0.009148
4742,2018-11-18T14:02:24.537000Z,2,s,0.749,0.01067
4743,2018-11-18T14:02:24.542000Z,1,s,0.754,0.007147
4744,2018-11-18T14:03:46.405500Z,5,s,0.688,0.002554
4745,2018-11-18T14:03:55.118500Z,16,p,0.324,0.001717
4746,2018-11-18T14:03:58.936500Z,18,p,0.305,0.002015
4747,2018-11-18T14:05:00.983000Z,15,p,0.689,0.04853
4748,2018-11-18T14:05:38.008500Z,15,p,0.409,0.00286
4749,2018-11-18T14:06:01.148500Z,11,s,0.34,0.00329
4750,2018-11-18T14:06:03.487000Z,20,s,0.797,0.002637
4751,2018-11-18T14:06:59.141500Z,15,p,0.493,0.01789
4752,2018-11-18T14:06:59.142000Z,15,s,0.316,0.01789
4753,2018-11-18T14:07:27.084000Z,5,s,0.796,0.003116
4754,2018-11-18T14:08:38.585500Z,13,s,0.371,0.001933
4755,2018-11-18T14:11:18.223000Z,20,s,0.678,0.002603
4756,2018-11-18T14:11:25.535000Z,1,s,0.562,0.001494
4757,2018-11-18T14:11:57.972000Z,23,p,0.304,0.002912
4758,2018-11-18T14:11:58.079500Z,23,s,0.725,0.002912
4759,2018-11-18T14:12:08.860000Z,5,s,0.708,0.002486
4760,2018-11-18T14:12:12.889500Z,22,s,0.509,0.005168
4761,2018-11-18T14:13:02.596000Z,5,s,0.489,0.003236
4762,2018-11-18T14:13:40.975500Z,11,p,0.401,0.003857
4763,2018-11-18T14:13:41.076500Z,11,s,0.516,0.003857
4764,2018-11-18T14:14:00.989500Z,4,s,0.866,0.006095
4765,2018-11-18T14:14:37.968500Z,22,s,0.611,0.00384
4766,2018-11-18T14:15:35.632000Z,15,s,0.671,0.01565
4767,2018-11-18T14:16:00.607500Z,12,s,0.303,0.002796
4768,2018-11-18T14:16:03.048000Z,23,s,0.882,0.01441
4769,2018-11-18T14:16:50.247000Z,20,s,0.564,0.003169
4770,2018-11-18T14:16:53.016000Z,24,s,0.52,0.005423
4771,2018-11-18T14:17:26.548000Z,6,s,0.364,0.001561
4772,2018-11-18T14:17:54.181500Z,22,s,0.681,0.002763
4773,2018-11-18T14:17:54.919500Z,6,s,0.345,0.001621
4774,2018-11-18T14:17:56.797500Z,6,p,0.402,0.001715
4775,2018-11-18T14:17:58.246500Z,6,s,0.31,0.001815
4776,2018-11-18T14:18:01.238000Z,5,s,0.426,0.002444
4777,2018-11-18T14:18:01.246500Z,6,s,0.537,0.002686
4778,2018-11-18T14:18:02.318500Z,2,s,0.348,0.001707
4779,2018-11-18T14:18:14.496500Z,12,s,0.35,0.002668
4780,2018-11-18T14:18:15.606500Z,6,s,0.359,0.003125
4781,2018-11-18T14:18:15.758000Z,13,p,0.529,0.002897
4782,2018-11-18T14:18:19.538500Z,1,s,0.495,0.002005
4783,2018-11-18T14:18:19.612000Z,5,s,0.507,0.00548
4784,2018-11-18T14:18:19.634000Z,6,s,0.325,0.006272
4785,2018-11-18T14:18:19.663500Z,7,s,0.439,0.002035
4786,2018-11-18T14:18:19.680500Z,8,s,0.401,0.003402
4787,2018-11-18T14:18:19.720500Z,10,s,0.411,0.001756
4788,2018-11-18T14:18:19.756500Z,12,s,0.379,0.004504
4789,2018-11-18T14:18:19.770500Z,13,s,0.401,0.005912
4790,2018-11-18T14:18:19.868500Z,17,s,0.371,0.003122
4791,2018-11-18T14:18:19.882500Z,18,s,0.462,0.003266
4792,2018-11-18T14:18:20.409000Z,24,p,0.983,0.01467
4793,2018-11-18T14:18:20.413500Z,23,p,0.973,0.01562
4794,2018-11-18T14:18:20.419500Z,22,p,0.974,0.01126
4795,2018-11-18T14:18:20.425500Z,21,p,0.959,0.007461
4796,2018-11-18T14:18:20.430000Z,20,p,0.978,0.005578
4797,2018-11-18T14:18:20.435500Z,19,p,0.973,0.006245
4798,2018-11-18T14:18:20.438500Z,18,p,0.489,0.007355
4799,2018-11-18T14:18:20.440500Z,18,s,0.427,0.007355
4800,2018-11-18T14:18:20.447500Z,17,p,0.975,0.005463
4801,2018-11-18T14:18:20.451500Z,16,p,0.928,0.005247
4802,2018-11-18T14:18:20.457000Z,15,p,0.765,0.00248
4803,2018-11-18T14:18:20.465000Z,14,p,0.962,0.003555
4804,2018-11-18T14:18:20.472500Z,12,p,0.368,0.004406
4805,2018-11-18T14:18:20.478000Z,24,s,0.957,0.009865
4806,2018-11-18T14:18:20.484000Z,10,p,0.725,0.001803
4807,2018-11-18T14:18:20.488000Z,23,s,0.959,0.01276
4808,2018-11-18T14:18:20.496000Z,22,s,0.935,0.006106
4809,2018-11-18T14:18:20.504500Z,21,s,0.935,0.003969
4810,2018-11-18T14:18:20.515500Z,20,s,0.77,0.004748
4811,2018-11-18T14:18:20.523000Z,19,s,0.937,0.003587
4812,2018-11-18T14:18:20.533000Z,18,s,0.89,0.003685
4813,2018-11-18T14:18:20.542500Z,17,s,0.915,0.003009
4814,2018-11-18T14:18:20.551000Z,16,s,0.786,0.002954
4815,2018-11-18T14:18:20.562500Z,15,s,0.697,0.002145
4816,2018-11-18T14:18:20.572500Z,14,s,0.756,0.002568
4817,2018-11-18T14:18:20.591500Z,11,p,0.458,0.003029
4818,2018-11-18T14:18:20.720500Z,17,p,0.536,0.002786
4819,2018-11-18T14:18:21.505500Z,13,p,0.446,0.003148
4820,2018-11-18T14:18:21.954500Z,13,s,0.319,0.003986
4821,2018-11-18T14:18:22.162500Z,18,s,0.326,0.003943
4822,2018-11-18T14:18:23.970500Z,2,s,0.374,0.00271
4823,2018-11-18T14:18:23.992500Z,3,s,0.502,0.001651
4824,2018-11-18T14:18:24.090500Z,8,s,0.429,0.001947
4825,2018-11-18T14:18:24.091500Z,12,s,0.345,0.002447
4826,2018-11-18T14:18:24.154500Z,11,s,0.398,0.001948
4827,2018-11-18T14:18:24.786000Z,15,p,0.743,0.007448
4828,2018-11-18T14:18:25.415500Z,6,s,0.346,0.001628
4829,2018-11-18T14:18:27.064500Z,13,p,0.419,0.001696
4830,2018-11-18T14:18:37.333500Z,6,s,0.32,0.001687
4831,2018-11-18T14:18:41.866500Z,2,s,0.414,0.003066
4832,2018-11-18T14:18:41.903500Z,4,s,0.443,0.002334
4833,2018-11-18T14:18:41.982500Z,8,s,0.352,0.003211
4834,2018-11-18T14:18:42.054500Z,11,s,0.348,0.002508
4835,2018-11-18T14:18:42.070500Z,12,s,0.583,0.003411
4836,2018-11-18T14:18:42.178500Z,17,s,0.328,0.002866
4837,2018-11-18T14:18:42.280500Z,22,s,0.345,0.001782
4838,2018-11-18T14:18:43.770000Z,2,p,0.482,0.003933
4839,2018-11-18T14:18:43.839500Z,5,p,0.584,0.005185
4840,2018-11-18T14:18:43.870000Z,6,p,0.346,0.008854
4841,2018-11-18T14:18:43.874000Z,8,p,0.336,0.00389
4842,2018-11-18T14:18:43.945500Z,9,p,0.395,0.002001
4843,2018-11-18T14:18:43.977500Z,11,p,0.39,0.003037
4844,2018-11-18T14:18:44.006500Z,13,p,0.426,0.00547
4845,2018-11-18T14:18:44.137500Z,19,p,0.373,0.002227
4846,2018-11-18T14:18:44.203500Z,8,s,0.307,0.00389
4847,2018-11-18T14:18:44.210500Z,11,s,0.358,0.003037
4848,2018-11-18T14:18:50.262500Z,6,s,0.338,0.005067
4849,2018-11-18T14:18:50.359500Z,11,p,0.328,0.003357
4850,2018-11-18T14:18:50.543500Z,19,s,0.337,0.001986
4851,2018-11-18T14:19:01.646000Z,5,p,0.346,0.001944
4852,2018-11-18T14:19:19.038500Z,2,p,0.472,0.001811
4853,2018-11-18T14:19:19.335500Z,8,s,0.352,0.001816
4854,2018-11-18T14:19:20.148500Z,3,p,0.389,0.002148
4855,2018-11-18T14:19:21.226500Z,2,s,0.323,0.008164
4856,2018-11-18T14:19:21.388500Z,5,s,0.425,0.00975
4857,2018-11-18T14:19:21.421500Z,19,p,0.323,0.004021
4858,2018-11-18T14:19:21.450500Z,12,s,0.336,0.008206
4859,2018-11-18T14:19:21.570500Z,16,s,0.302,0.001734
4860,2018-11-18T14:19:21.647500Z,18,s,0.303,0.005137
4861,2018-11-18T14:19:21.658500Z,21,s,0.477,0.00215
4862,2018-11-18T14:19:21.682500Z,19,s,0.377,0.004021
4863,2018-11-18T14:20:24.687000Z,20,s,0.676,0.001873
4864,2018-11-18T14:20:29.714500Z,5,s,0.679,0.002749
4865,2018-11-18T14:20:37.266500Z,5,s,0.434,0.001824
4866,2018-11-18T14:20:37.290500Z,6,s,0.328,0.002065
4867,2018-11-18T14:20:48.703500Z,2,p,0.347,0.002772
4868,2018-11-18T14:20:48.754500Z,4,p,0.504,0.001891
4869,2018-11-18T14:20:48.778500Z,5,s,0.451,0.002691
4870,2018-11-18T14:21:16.714000Z,20,s,0.825,0.002604
4871,2018-11-18T14:21:37.631500Z,11,s,0.631,0.00399
4872,2018-11-18T14:22:06.380000Z,24,p,0.985,0.3409
4873,2018-11-18T14:22:06.384000Z,23,p,0.982,0.2083
4874,2018-11-18T14:22:06.389000Z,22,p,0.976,0.131
4875,2018-11-18T14:22:06.394000Z,21,p,0.984,0.1218
4876,2018-11-18T14:22:06.399000Z,20,p,0.977,0.0593
4877,2018-11-18T14:22:06.403500Z,19,p,0.971,0.04268
4878,2018-11-18T14:22:06.410500Z,18,p,0.963,0.03953
4879,2018-11-18T14:22:06.415500Z,17,p,0.977,0.05328
4880,2018-11-18T14:22:06.421500Z,16,p,0.975,0.03375
4881,2018-11-18T14:22:06.425500Z,15,p,0.95,0.03072
4882,2018-11-18T14:22:06.430000Z,14,p,0.974,0.04532
4883,2018-11-18T14:22:06.435500Z,13,p,0.973,0.05217
4884,2018-11-18T14:22:06.440500Z,12,p,0.972,0.02203
4885,2018-11-18T14:22:06.445500Z,11,p,0.952,0.01201
4886,2018-11-18T14:22:06.449500Z,24,s,0.971,0.3409
4887,2018-11-18T14:22:06.449500Z,10,p,0.952,0.02178
4888,2018-11-18T14:22:06.454000Z,9,p,0.962,0.02529
4889,2018-11-18T14:22:06.456000Z,23,s,0.962,0.2083
4890,2018-11-18T14:22:06.461000Z,8,p,0.957,0.02342
4891,2018-11-18T14:22:06.463500Z,22,s,0.964,0.131
4892,2018-11-18T14:22:06.465500Z,7,p,0.923,0.01475
4893,2018-11-18T14:22:06.471000Z,6,p,0.973,0.00913
4894,2018-11-18T14:22:06.471500Z,21,s,0.97,0.1218
4895,2018-11-18T14:22:06.476500Z,5,p,0.956,0.007192
4896,2018-11-18T14:22:06.479500Z,20,s,0.952,0.0593
4897,2018-11-18T14:22:06.480500Z,4,p,0.944,0.01003
4898,2018-11-18T14:22:06.487500Z,3,p,0.97,0.008481
4899,2018-11-18T14:22:06.488500Z,19,s,0.958,0.04268
4900,2018-11-18T14:22:06.492500Z,2,p,0.962,0.008711
4901,2018-11-18T14:22:06.497500Z,1,p,0.955,0.005767
4902,2018-11-18T14:22:06.497500Z,18,s,0.961,0.03953
4903,2018-11-18T14:22:06.505500Z,17,s,0.949,0.05328
4904,2018-11-18T14:22:06.516500Z,16,s,0.914,0.03375
4905,2018-11-18T14:22:06.526000Z,15,s,0.929,0.03072
4906,2018-11-18T14:22:06.534500Z,14,s,0.925,0.04532
4907,2018-11-18T14:22:06.544000Z,13,s,0.941,0.05217
4908,2018-11-18T14:22:06.552500Z,12,s,0.948,0.02203
4909,2018-11-18T14:22:06.561000Z,11,s,0.899,0.01201
4910,2018-11-18T14:22:06.571000Z,10,s,0.851,0.02178
4911,2018-11-18T14:22:06.578500Z,9,s,0.891,0.02529
4912,2018-11-18T14:22:06.587000Z,8,s,0.887,0.02342
4913,2018-11-18T14:22:06.594500Z,7,s,0.897,0.01475
4914,2018-11-18T14:22:06.602500Z,6,s,0.71,0.00913
4915,2018-11-18T14:22:06.613000Z,5,s,0.911,0.007192
4916,2018-11-18T14:22:06.620500Z,4,s,0.763,0.01003
4917,2018-11-18T14:22:06.630500Z,3,s,0.692,0.008481
4918,2018-11-18T14:22:06.636500Z,2,s,0.788,0.008711
4919,2018-11-18T14:22:06.650500Z,1,s,0.645,0.005767
4920,2018-11-18T14:22:37.474000Z,2,p,0.518,0.001536
4921,2018-11-18T14:22:37.971500Z,2,s,0.423,0.001668
4922,2018-11-18T14:22:38.038500Z,5,s,0.4,0.002013
4923,2018-11-18T14:22:39.006000Z,6,s,0.428,0.002124
4924,2018-11-18T14:23:06.581500Z,24,s,0.595,0.004131
4925,2018-11-18T14:23:09.132500Z,20,p,0.417,0.001703
4926,2018-11-18T14:23:55.074500Z,1,s,0.497,0.002532
4927,2018-11-18T14:24:27.475500Z,2,p,0.305,0.002107
4928,2018-11-18T14:24:27.511500Z,5,p,0.337,0.002327
4929,2018-11-18T14:24:27.552500Z,6,p,0.458,0.002677
4930,2018-11-18T14:24:27.879500Z,18,s,0.378,0.002525
4931,2018-11-18T14:24:30.257500Z,2,p,0.412,0.002337
4932,2018-11-18T14:24:30.270000Z,6,p,0.523,0.003402
4933,2018-11-18T14:24:30.338500Z,5,p,0.454,0.003482
4934,2018-11-18T14:24:30.470000Z,11,p,0.301,0.001986
4935,2018-11-18T14:24:32.042500Z,2,p,0.541,0.002335
4936,2018-11-18T14:24:32.071500Z,3,p,0.493,0.002375
4937,2018-11-18T14:24:32.111500Z,4,p,0.328,0.001832
4938,2018-11-18T14:24:32.158000Z,8,p,0.301,0.002218
4939,2018-11-18T14:24:32.270500Z,13,p,0.455,0.003373
4940,2018-11-18T14:24:32.330500Z,5,s,0.612,0.002628
4941,2018-11-18T14:24:32.347500Z,6,s,0.382,0.003304
4942,2018-11-18T14:24:34.352500Z,2,p,0.633,0.003316
4943,2018-11-18T14:24:34.358000Z,1,p,0.325,0.001905
4944,2018-11-18T14:24:34.385500Z,3,p,0.469,0.00203
4945,2018-11-18T14:24:34.410500Z,4,p,0.369,0.002637
4946,2018-11-18T14:24:34.458500Z,6,p,0.334,0.005954
4947,2018-11-18T14:24:34.466500Z,7,p,0.413,0.001717
4948,2018-11-18T14:24:34.510500Z,9,p,0.32,0.001719
4949,2018-11-18T14:24:34.556500Z,11,p,0.32,0.002785
4950,2018-11-18T14:24:34.569500Z,12,p,0.39,0.003318
4951,2018-11-18T14:24:34.590500Z,13,p,0.527,0.004276
4952,2018-11-18T14:24:34.673500Z,17,p,0.473,0.002956
4953,2018-11-18T14:24:34.731500Z,19,p,0.397,0.001942
4954,2018-11-18T14:24:34.982500Z,3,s,0.309,0.00185
4955,2018-11-18T14:25:34.772500Z,22,s,0.312,0.004485
4956,2018-11-18T14:25:54.257500Z,23,s,0.417,0.002044
4957,2018-11-18T14:26:36.768000Z,20,s,0.784,0.002812
4958,2018-11-18T14:27:01.759500Z,5,s,0.765,0.002571
4959,2018-11-18T14:27:09.601500Z,19,p,0.444,0.005623
4960,2018-11-18T14:27:09.604500Z,19,s,0.342,0.005623
4961,2018-11-18T14:28:10.150500Z,17,s,0.503,0.003064
4962,2018-11-18T14:28:21.946000Z,17,s,0.861,0.005917
4963,2018-11-18T14:28:39.087500Z,19,p,0.328,0.00193
4964,2018-11-18T14:28:53.741500Z,5,s,0.615,0.002482
4965,2018-11-18T14:29:12.847500Z,24,p,0.33,0.004779
4966,2018-11-18T14:29:12.960500Z,24,s,0.622,0.004779
4967,2018-11-18T14:29:19.041500Z,15,s,0.548,0.004505
4968,2018-11-18T14:29:37.535500Z,20,p,0.844,0.002101
4969,2018-11-18T14:29:37.732500Z,20,s,0.699,0.002101
4970,2018-11-18T14:29:48.558500Z,11,p,0.503,0.003954
4971,2018-11-18T14:29:48.646000Z,11,s,0.837,0.003954
4972,2018-11-18T14:29:50.247500Z,16,p,0.346,0.003748
4973,2018-11-18T14:29:50.284500Z,16,s,0.537,0.003386
4974,2018-11-18T14:29:50.320500Z,13,s,0.629,0.004566
4975,2018-11-18T14:29:50.340000Z,12,s,0.542,0.003836
4976,2018-11-18T14:29:51.480500Z,13,s,0.373,0.002172
4977,2018-11-18T14:30:37.208500Z,20,s,0.33,0.002297
4978,2018-11-18T14:30:52.907500Z,23,s,0.519,0.002478
4979,2018-11-18T14:31:18.578000Z,20,s,0.424,0.002243
4980,2018-11-18T14:31:27.771500Z,13,s,0.41,0.001992
4981,2018-11-18T14:31:34.819000Z,20,s,0.777,0.002896
4982,2018-11-18T14:31:34.981500Z,15,s,0.581,0.00878
4983,2018-11-18T14:31:46.674500Z,13,s,0.331,0.0039
4984,2018-11-18T14:33:03.655000Z,17,p,0.346,0.001861
4985,2018-11-18T14:33:23.356000Z,23,s,0.644,0.002212
4986,2018-11-18T14:34:49.646000Z,7,s,0.338,0.004304
4987,2018-11-18T14:35:10.978000Z,22,s,0.735,0.004846
4988,2018-11-18T14:35:48.694500Z,20,s,0.662,0.002497
4989,2018-11-18T14:36:04.415500Z,8,p,0.396,0.003133
4990,2018-11-18T14:36:04.480000Z,8,s,0.721,0.003133
4991,2018-11-18T14:36:27.660000Z,5,p,0.398,0.002968
4992,2018-11-18T14:36:27.723500Z,5,s,0.78,0.002968
4993,2018-11-18T14:36:44.514500Z,20,s,0.741,0.003366
4994,2018-11-18T14:36:57.677500Z,9,s,0.309,0.001468
4995,2018-11-18T14:37:26.024500Z,1,s,0.41,0.001466
4996,2018-11-18T14:37:27.976500Z,5,s,0.711,0.002606
4997,2018-11-18T14:38:07.777500Z,11,s,0.604,0.003891
4998,2018-11-18T14:38:55.556000Z,15,s,0.747,0.01204
4999,2018-11-18T14:38:56.508500Z,15,s,0.366,0.0098
5000,2018-11-18T14:39:05.756500Z,15,s,0.465,0.006876
5001,2018-11-18T14:39:29.993500Z,17,s,0.522,0.002894
5002,2018-11-18T14:39:32.161500Z,24,p,0.309,0.003109
5003,2018-11-18T14:39:32.255000Z,24,s,0.69,0.003109
5004,2018-11-18T14:40:07.211500Z,17,s,0.414,0.002482
5005,2018-11-18T14:40:07.230000Z,13,s,0.84,0.002606
5006,2018-11-18T14:40:12.965500Z,8,s,0.399,0.002949
5007,2018-11-18T14:40:27.454000Z,13,s,0.8,0.00281
5008,2018-11-18T14:40:35.787500Z,16,s,0.319,0.003049
5009,2018-11-18T14:40:35.788000Z,16,p,0.4,0.003049
5010,2018-11-18T14:40:35.821500Z,16,s,0.323,0.002098
5011,2018-11-18T14:40:35.828500Z,13,p,0.42,0.002656
5012,2018-11-18T14:40:51.620000Z,19,s,0.486,0.003227
5013,2018-11-18T14:41:14.325500Z,22,s,0.359,0.00269
5014,2018-11-18T14:41:28.406000Z,15,p,0.834,0.02768
5015,2018-11-18T14:41:28.453000Z,15,s,0.931,0.02768
5016,2018-11-18T14:42:04.430000Z,24,p,0.985,0.04242
5017,2018-11-18T14:42:04.435500Z,23,p,0.986,0.08838
5018,2018-11-18T14:42:04.441000Z,22,p,0.982,0.05125
5019,2018-11-18T14:42:04.446000Z,21,p,0.983,0.03777
5020,2018-11-18T14:42:04.451500Z,20,p,0.985,0.02095
5021,2018-11-18T14:42:04.457500Z,19,p,0.981,0.01747
5022,2018-11-18T14:42:04.463500Z,18,p,0.973,0.009835
5023,2018-11-18T14:42:04.469500Z,17,p,0.983,0.0164
5024,2018-11-18T14:42:04.475500Z,16,p,0.983,0.01907
5025,2018-11-18T14:42:04.481000Z,24,s,0.9,0.04229
5026,2018-11-18T14:42:04.481500Z,15,p,0.98,0.009351
5027,2018-11-18T14:42:04.487000Z,14,p,0.974,0.008925
5028,2018-11-18T14:42:04.490500Z,23,s,0.963,0.05481
5029,2018-11-18T14:42:04.494000Z,13,p,0.976,0.0144
5030,2018-11-18T14:42:04.498500Z,22,s,0.902,0.0394
5031,2018-11-18T14:42:04.499500Z,12,p,0.975,0.01245
5032,2018-11-18T14:42:04.505500Z,11,p,0.974,0.007266
5033,2018-11-18T14:42:04.508000Z,21,s,0.956,0.025
5034,2018-11-18T14:42:04.511000Z,10,p,0.981,0.005906
5035,2018-11-18T14:42:04.516000Z,9,p,0.98,0.005084
5036,2018-11-18T14:42:04.518500Z,20,s,0.927,0.02095
5037,2018-11-18T14:42:04.521500Z,8,p,0.946,0.005732
5038,2018-11-18T14:42:04.527000Z,19,s,0.956,0.01209
5039,2018-11-18T14:42:04.529000Z,7,p,0.936,0.004783
5040,2018-11-18T14:42:04.533000Z,6,p,0.975,0.003918
5041,2018-11-18T14:42:04.537000Z,18,s,0.837,0.009119
5042,2018-11-18T14:42:04.539000Z,5,p,0.975,0.005088
5043,2018-11-18T14:42:04.546500Z,4,p,0.968,0.005302
5044,2018-11-18T14:42:04.547500Z,17,s,0.876,0.0164
5045,2018-11-18T14:42:04.551000Z,3,p,0.971,0.004346
5046,2018-11-18T14:42:04.558500Z,16,s,0.949,0.01907
5047,2018-11-18T14:42:04.559000Z,2,p,0.96,0.003615
5048,2018-11-18T14:42:04.564000Z,1,p,0.923,0.004345
5049,2018-11-18T14:42:04.568000Z,15,s,0.864,0.009351
5050,2018-11-18T14:42:04.579000Z,14,s,0.923,0.008925
5051,2018-11-18T14:42:04.589000Z,13,s,0.939,0.008905
5052,2018-11-18T14:42:04.598500Z,12,s,0.947,0.006352
5053,2018-11-18T14:42:04.614500Z,11,s,0.665,0.005113
5054,2018-11-18T14:42:04.620000Z,10,s,0.788,0.004243
5055,2018-11-18T14:42:04.627000Z,9,s,0.818,0.005084
5056,2018-11-18T14:42:04.637000Z,8,s,0.875,0.005732
5057,2018-11-18T14:42:04.645000Z,7,s,0.91,0.004783
5058,2018-11-18T14:42:04.656000Z,6,s,0.826,0.003918
5059,2018-11-18T14:42:04.664000Z,5,s,0.882,0.005088
5060,2018-11-18T14:42:04.675000Z,4,s,0.868,0.005302
5061,2018-11-18T14:42:04.686000Z,3,s,0.913,0.004346
5062,2018-11-18T14:42:04.696500Z,2,s,0.923,0.003526
5063,2018-11-18T14:42:04.705000Z,1,s,0.898,0.004345
5064,2018-11-18T14:43:12.656500Z,23,s,0.335,0.001803
5065,2018-11-18T14:45:46.085500Z,5,s,0.315,0.003191
5066,2018-11-18T14:46:29.656000Z,11,s,0.691,0.005329
5067,2018-11-18T14:46:32.427500Z,5,s,0.791,0.00329
5068,2018-11-18T14:46:36.973500Z,1,s,0.345,0.001877
5069,2018-11-18T14:46:47.312500Z,20,s,0.755,0.002533
5070,2018-11-18T14:47:24.346000Z,24,p,0.385,0.004954
5071,2018-11-18T14:47:24.514000Z,24,s,0.395,0.004954
5072,2018-11-18T14:47:50.307500Z,3,p,0.954,0.2099
5073,2018-11-18T14:47:50.312500Z,2,p,0.562,0.09546
5074,2018-11-18T14:47:50.314000Z,4,p,0.318,0.1396
5075,2018-11-18T14:47:50.316500Z,4,s,0.626,0.1396
5076,2018-11-18T14:47:50.334500Z,2,s,0.658,0.09546
5077,2018-11-18T14:47:50.335500Z,5,p,0.944,0.1437
5078,2018-11-18T14:47:50.340000Z,1,p,0.968,0.04093
5079,2018-11-18T14:47:50.355500Z,1,s,0.96,0.04093
5080,2018-11-18T14:47:50.358000Z,6,p,0.911,0.07619
5081,2018-11-18T14:47:50.358500Z,5,s,0.328,0.036
5082,2018-11-18T14:47:50.378000Z,7,p,0.954,0.04673
5083,2018-11-18T14:47:50.387000Z,8,p,0.96,0.06188
5084,2018-11-18T14:47:50.392000Z,9,p,0.863,0.01706
5085,2018-11-18T14:47:50.401000Z,8,s,0.957,0.06188
5086,2018-11-18T14:47:50.410000Z,10,p,0.5,0.01878
5087,2018-11-18T14:47:50.420000Z,9,s,0.91,0.01706
5088,2018-11-18T14:47:50.442000Z,10,s,0.905,0.01878
5089,2018-11-18T14:47:50.464000Z,11,s,0.956,0.02635
5090,2018-11-18T14:47:50.482500Z,13,p,0.411,0.02387
5091,2018-11-18T14:47:50.483000Z,12,p,0.852,0.01924
5092,2018-11-18T14:47:50.504000Z,13,s,0.921,0.02387
5093,2018-11-18T14:48:42.673500Z,22,s,0.528,0.004611
5094,2018-11-18T14:50:04.024000Z,22,p,0.313,0.002318
5095,2018-11-18T14:50:04.141500Z,22,s,0.549,0.002318
5096,2018-11-18T14:50:25.838000Z,1,s,0.384,0.0014
5097,2018-11-18T14:50:49.516500Z,4,p,0.573,0.002723
5098,2018-11-18T14:51:40.873000Z,24,p,0.964,0.02654
5099,2018-11-18T14:51:40.877000Z,23,p,0.972,0.04035
5100,2018-11-18T14:51:40.881000Z,22,p,0.963,0.03436
5101,2018-11-18T14:51:40.885500Z,21,p,0.972,0.02602
5102,2018-11-18T14:51:40.892000Z,20,p,0.983,0.01078
5103,2018-11-18T14:51:40.896000Z,19,p,0.975,0.007194
5104,2018-11-18T14:51:40.903000Z,18,p,0.947,0.004945
5105,2018-11-18T14:51:40.908000Z,17,p,0.966,0.008421
5106,2018-11-18T14:51:40.914000Z,16,p,0.968,0.008184
5107,2018-11-18T14:51:40.920000Z,15,p,0.82,0.003014
5108,2018-11-18T14:51:40.921500Z,24,s,0.969,0.02654
5109,2018-11-18T14:51:40.925000Z,14,p,0.962,0.003453
5110,2018-11-18T14:51:40.930000Z,23,s,0.962,0.04035
5111,2018-11-18T14:51:40.931000Z,13,p,0.904,0.00345
5112,2018-11-18T14:51:40.936500Z,12,s,0.474,0.004072
5113,2018-11-18T14:51:40.937000Z,22,s,0.954,0.03436
5114,2018-11-18T14:51:40.937500Z,12,p,0.351,0.004072
5115,2018-11-18T14:51:40.942000Z,11,p,0.821,0.002094
5116,2018-11-18T14:51:40.944500Z,10,p,0.501,0.002118
5117,2018-11-18T14:51:40.945000Z,21,s,0.861,0.02602
5118,2018-11-18T14:51:40.953500Z,20,s,0.967,0.01078
5119,2018-11-18T14:51:40.957500Z,8,p,0.915,0.001856
5120,2018-11-18T14:51:40.962000Z,19,s,0.944,0.007194
5121,2018-11-18T14:51:40.962000Z,7,p,0.794,0.00203
5122,2018-11-18T14:51:40.972500Z,18,s,0.921,0.004945
5123,2018-11-18T14:51:40.981500Z,17,s,0.96,0.008421
5124,2018-11-18T14:51:40.991500Z,16,s,0.926,0.008184
5125,2018-11-18T14:51:40.998000Z,15,s,0.742,0.003014
5126,2018-11-18T14:51:41.010000Z,14,s,0.915,0.002632
5127,2018-11-18T14:51:41.019000Z,13,s,0.845,0.002667
5128,2018-11-18T14:51:41.037500Z,11,s,0.349,0.001527
5129,2018-11-18T14:51:41.045500Z,10,s,0.529,0.001534
5130,2018-11-18T14:51:41.070000Z,7,s,0.384,0.001565
5131,2018-11-18T14:51:41.079000Z,8,s,0.678,0.001567
5132,2018-11-18T14:52:13.796500Z,20,p,0.319,0.003206
5133,2018-11-18T14:52:14.058500Z,20,s,0.707,0.003206
5134,2018-11-18T14:52:43.987500Z,5,s,0.789,0.003616
5135,2018-11-18T14:53:08.715500Z,21,p,0.381,0.001928
5136,2018-11-18T14:53:21.455500Z,5,p,0.394,0.003264
5137,2018-11-18T14:53:21.571500Z,5,s,0.849,0.003264
5138,2018-11-18T14:53:29.305500Z,19,p,0.506,0.003914
5139,2018-11-18T14:53:29.312500Z,24,p,0.736,0.004924
5140,2018-11-18T14:53:29.436000Z,24,s,0.575,0.004924
5141,2018-11-18T14:53:29.437500Z,19,s,0.525,0.003914
5142,2018-11-18T14:54:29.969500Z,5,p,0.376,0.002705
5143,2018-11-18T14:54:30.084000Z,5,s,0.772,0.002705
5144,2018-11-18T14:54:47.537500Z,4,s,0.517,0.00614
5145,2018-11-18T14:55:19.058500Z,5,p,0.393,0.001943
5146,2018-11-18T14:55:19.216500Z,13,p,0.389,0.001996
5147,2018-11-18T14:55:49.977500Z,20,s,0.487,0.002393
5148,2018-11-18T14:55:58.440500Z,13,p,0.31,0.001666
5149,2018-11-18T14:56:15.348500Z,11,p,0.301,0.003921
5150,2018-11-18T14:56:15.460000Z,11,s,0.869,0.003921
5151,2018-11-18T14:56:43.185500Z,15,s,0.404,0.002615
5152,2018-11-18T14:57:01.332000Z,20,s,0.75,0.002902
5153,2018-11-18T14:57:17.426000Z,5,p,0.353,0.001834
5154,2018-11-18T14:57:17.951500Z,12,p,0.334,0.002455
5155,2018-11-18T14:57:18.354500Z,3,s,0.348,0.002556
5156,2018-11-18T14:57:19.262500Z,6,s,0.307,0.002218
5157,2018-11-18T14:57:28.246000Z,4,p,0.558,0.001838
5158,2018-11-18T14:57:28.266500Z,5,p,0.47,0.003981
5159,2018-11-18T14:57:28.294500Z,6,p,0.31,0.004225
5160,2018-11-18T14:57:28.298500Z,6,s,0.353,0.003816
5161,2018-11-18T14:57:28.322500Z,8,p,0.489,0.002144
5162,2018-11-18T14:57:28.406000Z,11,p,0.431,0.002707
5163,2018-11-18T14:57:28.406500Z,2,s,0.344,0.002374
5164,2018-11-18T14:57:28.407500Z,12,p,0.345,0.002528
5165,2018-11-18T14:57:28.434500Z,13,p,0.601,0.003245
5166,2018-11-18T14:57:28.597500Z,11,s,0.392,0.002707
5167,2018-11-18T14:57:46.706500Z,2,s,0.38,0.001979
5168,2018-11-18T14:57:51.257500Z,5,p,0.41,0.002306
5169,2018-11-18T14:57:51.471500Z,13,p,0.376,0.001884
5170,2018-11-18T14:57:51.535500Z,5,s,0.379,0.002306
5171,2018-11-18T14:57:54.383500Z,6,s,0.307,0.001789
5172,2018-11-18T14:58:06.162500Z,2,s,0.313,0.00177
5173,2018-11-18T14:58:06.222500Z,5,s,0.305,0.002213
5174,2018-11-18T14:58:06.234500Z,6,s,0.344,0.003163
5175,2018-11-18T14:58:06.355500Z,12,s,0.329,0.001928
5176,2018-11-18T14:58:06.370000Z,13,p,0.344,0.002246
5177,2018-11-18T14:58:07.202000Z,6,p,0.383,0.001949
5178,2018-11-18T14:58:19.818000Z,20,p,0.417,0.001585
5179,2018-11-18T14:58:20.108000Z,20,s,0.49,0.001585
5180,2018-11-18T14:59:01.101500Z,3,p,0.457,0.001707
5181,2018-11-18T14:59:01.274500Z,11,p,0.66,0.001971
5182,2018-11-18T14:59:02.546500Z,2,s,0.36,0.002337
5183,2018-11-18T14:59:10.625500Z,2,p,0.383,0.001621
5184,2018-11-18T14:59:10.627500Z,6,p,0.313,0.00236
5185,2018-11-18T14:59:10.677500Z,4,p,0.365,0.001743
5186,2018-11-18T14:59:10.682000Z,5,p,0.525,0.002153
5187,2018-11-18T14:59:10.741500Z,8,p,0.322,0.001897
5188,2018-11-18T14:59:10.835500Z,12,p,0.328,0.001819
5189,2018-11-18T14:59:10.869500Z,13,p,0.522,0.001951
5190,2018-11-18T14:59:11.160000Z,1,s,0.396,0.001855
5191,2018-11-18T14:59:11.218500Z,4,s,0.346,0.002917
5192,2018-11-18T14:59:11.268000Z,6,s,0.646,0.005796
5193,2018-11-18T14:59:11.306500Z,8,s,0.347,0.003024
5194,2018-11-18T14:59:11.370500Z,11,s,0.375,0.00271
5195,2018-11-18T14:59:11.382500Z,9,s,0.436,0.00205
5196,2018-11-18T14:59:11.384000Z,12,s,0.503,0.004776
5197,2018-11-18T14:59:11.410500Z,13,s,0.534,0.005857
5198,2018-11-18T14:59:11.479500Z,17,s,0.344,0.00329
5199,2018-11-18T14:59:11.591500Z,18,s,0.441,0.002804
5200,2018-11-18T14:59:11.662500Z,22,s,0.389,0.001946
5201,2018-11-18T14:59:12.178500Z,2,s,0.33,0.002832
5202,2018-11-18T14:59:12.250500Z,5,s,0.357,0.003237
5203,2018-11-18T14:59:12.262500Z,6,s,0.422,0.004643
5204,2018-11-18T14:59:12.310500Z,8,s,0.356,0.002971
5205,2018-11-18T14:59:12.383500Z,12,s,0.31,0.002795
5206,2018-11-18T14:59:12.400500Z,13,s,0.399,0.003235
5207,2018-11-18T14:59:13.469500Z,3,p,0.385,0.002337
5208,2018-11-18T14:59:13.583000Z,6,s,0.481,0.004812
5209,2018-11-18T14:59:13.829500Z,19,p,0.326,0.002327
5210,2018-11-18T14:59:15.165500Z,3,s,0.389,0.002388
5211,2018-11-18T14:59:16.074500Z,2,s,0.32,0.00396
5212,2018-11-18T14:59:16.110000Z,4,p,0.305,0.003532
5213,2018-11-18T14:59:16.159000Z,6,s,0.524,0.005956
5214,2018-11-18T14:59:16.191000Z,7,s,0.408,0.001857
5215,2018-11-18T14:59:16.232500Z,9,p,0.381,0.00261
5216,2018-11-18T14:59:16.271500Z,12,s,0.332,0.004739
5217,2018-11-18T14:59:16.278500Z,11,s,0.304,0.003121
5218,2018-11-18T14:59:16.382500Z,17,s,0.311,0.00291
5219,2018-11-18T14:59:16.538500Z,24,s,0.344,0.003662
5220,2018-11-18T14:59:20.743500Z,1,s,0.302,0.001887
5221,2018-11-18T14:59:20.758500Z,13,p,0.47,0.003935
5222,2018-11-18T14:59:20.796000Z,3,s,0.405,0.001785
5223,2018-11-18T14:59:20.815500Z,4,s,0.34,0.002325
5224,2018-11-18T14:59:20.841500Z,5,s,0.415,0.003683
5225,2018-11-18T14:59:20.858500Z,6,s,0.322,0.004289
5226,2018-11-18T14:59:20.898500Z,8,s,0.341,0.002509
5227,2018-11-18T14:59:21.003500Z,13,s,0.322,0.003935
5228,2018-11-18T14:59:22.290500Z,2,s,0.447,0.002423
5229,2018-11-18T14:59:22.430500Z,12,s,0.302,0.002858
5230,2018-11-18T14:59:22.492000Z,11,s,0.366,0.002114
5231,2018-11-18T14:59:22.534500Z,17,s,0.412,0.002145
5232,2018-11-18T14:59:23.004500Z,12,p,0.357,0.001638
5233,2018-11-18T14:59:23.115000Z,12,p,0.357,0.002318
5234,2018-11-18T14:59:23.117000Z,12,s,0.361,0.002318
5235,2018-11-18T14:59:23.634500Z,3,p,0.308,0.001986
5236,2018-11-18T14:59:23.662500Z,4,p,0.467,0.002147
5237,2018-11-18T14:59:23.699500Z,13,p,0.334,0.004216
5238,2018-11-18T14:59:24.302500Z,11,s,0.321,0.002512
5239,2018-11-18T14:59:28.223500Z,6,s,0.311,0.002651
5240,2018-11-18T14:59:45.168500Z,22,s,0.341,0.00502
5241,2018-11-18T15:00:06.852000Z,5,s,0.789,0.002871
5242,2018-11-18T15:01:39.070500Z,6,s,0.391,0.001976
5243,2018-11-18T15:01:47.678500Z,5,s,0.378,0.001764
5244,2018-11-18T15:01:50.174500Z,5,p,0.444,0.002384
5245,2018-11-18T15:02:02.168500Z,1,s,0.661,0.002542
5246,2018-11-18T15:02:13.532500Z,20,p,0.366,0.002801
5247,2018-11-18T15:02:13.647000Z,20,s,0.78,0.002801
5248,2018-11-18T15:02:16.249000Z,2,p,0.53,0.001631
5249,2018-11-18T15:02:16.296500Z,5,p,0.631,0.001623
5250,2018-11-18T15:02:16.464500Z,13,p,0.556,0.001816
5251,2018-11-18T15:02:27.562500Z,6,p,0.348,0.001576
5252,2018-11-18T15:02:29.421500Z,6,s,0.35,0.001888
5253,2018-11-18T15:02:38.394500Z,13,p,0.418,0.002105
5254,2018-11-18T15:02:50.418500Z,6,s,0.339,0.002188
5255,2018-11-18T15:02:50.510500Z,8,s,0.352,0.001979
5256,2018-11-18T15:02:51.330500Z,6,p,0.316,0.001909
5257,2018-11-18T15:02:52.566500Z,2,s,0.358,0.002354
5258,2018-11-18T15:02:52.654500Z,6,s,0.429,0.003353
5259,2018-11-18T15:02:54.158500Z,6,s,0.511,0.002074
5260,2018-11-18T15:02:56.194500Z,5,p,0.619,0.003257
5261,2018-11-18T15:02:56.210500Z,6,p,0.446,0.004301
5262,2018-11-18T15:02:56.294500Z,9,p,0.369,0.001863
5263,2018-11-18T15:02:56.344500Z,12,s,0.382,0.003641
5264,2018-11-18T15:02:56.358500Z,13,p,0.447,0.004614
5265,2018-11-18T15:02:56.557500Z,18,s,0.334,0.002412
5266,2018-11-18T15:02:58.039500Z,2,s,0.348,0.00271
5267,2018-11-18T15:02:58.160500Z,8,p,0.522,0.002559
5268,2018-11-18T15:02:58.175500Z,5,s,0.319,0.003356
5269,2018-11-18T15:02:58.242500Z,12,p,0.464,0.003666
5270,2018-11-18T15:02:58.263500Z,13,p,0.351,0.004446
5271,2018-11-18T15:02:58.458500Z,18,s,0.326,0.002421
5272,2018-11-18T15:03:02.682500Z,12,s,0.304,0.002377
5273,2018-11-18T15:03:02.695500Z,13,s,0.374,0.002595
5274,2018-11-18T15:03:03.535500Z,6,s,0.364,0.002275
5275,2018-11-18T15:03:04.145500Z,5,s,0.494,0.002219
5276,2018-11-18T15:03:05.266500Z,1,s,0.374,0.001843
5277,2018-11-18T15:03:05.330500Z,5,p,0.476,0.001834
5278,2018-11-18T15:03:08.102500Z,6,s,0.314,0.00244
5279,2018-11-18T15:03:09.107500Z,6,s,0.372,0.001597
5280,2018-11-18T15:03:15.273500Z,6,s,0.34,0.001768
5281,2018-11-18T15:03:16.478500Z,5,s,0.301,0.001803
5282,2018-11-18T15:03:16.496000Z,6,s,0.512,0.002469
5283,2018-11-18T15:03:16.626000Z,13,p,0.465,0.002138
5284,2018-11-18T15:03:18.654500Z,5,p,0.321,0.00267
5285,2018-11-18T15:03:18.679500Z,6,s,0.345,0.002736
5286,2018-11-18T15:03:21.691500Z,5,p,0.311,0.002131
5287,2018-11-18T15:04:00.793500Z,3,s,0.498,0.00249
5288,2018-11-18T15:04:11.661500Z,11,s,0.524,0.003406
5289,2018-11-18T15:04:12.962500Z,2,p,0.349,0.002711
5290,2018-11-18T15:04:13.636000Z,11,s,0.314,0.002137
5291,2018-11-18T15:04:24.561500Z,10,p,0.87,0.02771
5292,2018-11-18T15:04:35.816000Z,2,s,0.422,0.005634
5293,2018-11-18T15:04:35.882500Z,5,s,0.464,0.008932
5294,2018-11-18T15:04:35.906500Z,6,s,0.353,0.009585
5295,2018-11-18T15:04:39.131500Z,12,s,0.324,0.006397
5296,2018-11-18T15:04:53.235500Z,13,p,0.377,0.003982
5297,2018-11-18T15:05:37.398500Z,6,s,0.304,0.002018
5298,2018-11-18T15:05:46.920000Z,15,p,0.687,0.02458
5299,2018-11-18T15:05:46.921500Z,15,s,0.309,0.02458
5300,2018-11-18T15:05:54.552500Z,5,p,0.581,0.001875
5301,2018-11-18T15:05:54.562000Z,6,p,0.626,0.001818
5302,2018-11-18T15:05:58.646000Z,6,p,0.451,0.002329
5303,2018-11-18T15:05:59.042500Z,6,s,0.434,0.002496
5304,2018-11-18T15:06:07.170500Z,6,p,0.618,0.002125
5305,2018-11-18T15:06:50.155500Z,2,s,0.404,0.00241
5306,2018-11-18T15:06:50.322500Z,12,s,0.301,0.002325
5307,2018-11-18T15:07:04.857500Z,23,s,0.361,0.002827
5308,2018-11-18T15:07:42.133500Z,5,p,0.41,0.002992
5309,2018-11-18T15:07:42.150500Z,6,p,0.541,0.004093
5310,2018-11-18T15:07:42.256500Z,8,p,0.493,0.002122
5311,2018-11-18T15:07:42.276500Z,12,p,0.302,0.002554
5312,2018-11-18T15:07:42.294000Z,13,p,0.355,0.003053
5313,2018-11-18T15:07:42.405500Z,17,p,0.413,0.002222
5314,2018-11-18T15:07:49.620000Z,20,s,0.595,0.003154
5315,2018-11-18T15:08:14.390000Z,2,p,0.512,0.002709
5316,2018-11-18T15:08:14.603500Z,13,p,0.385,0.00397
5317,2018-11-18T15:08:14.734500Z,17,p,0.39,0.002663
5318,2018-11-18T15:08:14.956500Z,12,s,0.315,0.002989
5319,2018-11-18T15:08:15.054500Z,17,s,0.307,0.002663
5320,2018-11-18T15:08:15.096000Z,19,s,0.492,0.001703
5321,2018-11-18T15:08:25.621500Z,5,p,0.382,0.003094
5322,2018-11-18T15:08:25.742000Z,5,s,0.844,0.003094
5323,2018-11-18T15:10:54.213500Z,19,s,0.594,0.003922
5324,2018-11-18T15:10:59.095500Z,2,p,0.326,0.002271
5325,2018-11-18T15:10:59.187000Z,2,s,0.784,0.002271
5326,2018-11-18T15:11:18.394000Z,5,p,0.374,0.002865
5327,2018-11-18T15:11:18.397500Z,13,p,0.404,0.002183
5328,2018-11-18T15:11:18.831500Z,11,s,0.344,0.002064
5329,2018-11-18T15:11:29.898500Z,6,s,0.368,0.002314
5330,2018-11-18T15:11:31.629500Z,2,p,0.479,0.001888
5331,2018-11-18T15:11:32.106500Z,2,s,0.417,0.00186
5332,2018-11-18T15:11:38.527500Z,4,p,0.354,0.001503
5333,2018-11-18T15:11:38.784500Z,5,s,0.355,0.00278
5334,2018-11-18T15:11:45.513500Z,7,s,0.515,0.003901
5335,2018-11-18T15:11:45.890500Z,5,p,0.377,0.002532
5336,2018-11-18T15:11:46.050500Z,13,p,0.463,0.002647
5337,2018-11-18T15:11:47.320000Z,6,s,0.339,0.00202
5338,2018-11-18T15:11:48.880500Z,5,p,0.398,0.001739
5339,2018-11-18T15:12:11.170500Z,2,p,0.393,0.00194
5340,2018-11-18T15:12:11.378500Z,13,p,0.421,0.001968
5341,2018-11-18T15:12:12.086500Z,13,s,0.304,0.002738
5342,2018-11-18T15:12:16.476500Z,20,s,0.784,0.002868
5343,2018-11-18T15:12:28.727500Z,2,s,0.383,0.001702
5344,2018-11-18T15:12:28.784500Z,5,s,0.319,0.002224
5345,2018-11-18T15:12:28.802500Z,6,s,0.399,0.002611
5346,2018-11-18T15:12:28.936500Z,13,p,0.445,0.002124
5347,2018-11-18T15:12:31.087500Z,6,s,0.301,0.002522
5348,2018-11-18T15:12:36.188500Z,4,p,0.582,0.0021
5349,2018-11-18T15:12:36.215500Z,6,p,0.322,0.004089
5350,2018-11-18T15:12:36.342500Z,12,s,0.328,0.0029
5351,2018-11-18T15:12:36.491500Z,19,s,0.325,0.001947
5352,2018-11-18T15:12:36.580000Z,24,s,0.422,0.003718
5353,2018-11-18T15:12:38.880500Z,6,s,0.352,0.002539
5354,2018-11-18T15:12:39.154500Z,18,s,0.388,0.002688
5355,2018-11-18T15:12:40.012000Z,5,s,0.669,0.002613
5356,2018-11-18T15:12:41.900000Z,5,p,0.674,0.00791
5357,2018-11-18T15:12:42.136000Z,5,s,0.862,0.00791
5358,2018-11-18T15:12:46.798500Z,22,s,0.353,0.00478
5359,2018-11-18T15:12:52.009000Z,11,s,0.855,0.003235
5360,2018-11-18T15:13:16.118500Z,20,p,0.691,0.002162
5361,2018-11-18T15:13:16.378500Z,20,s,0.455,0.002162
5362,2018-11-18T15:13:16.802000Z,12,p,0.427,0.002145
5363,2018-11-18T15:13:16.850000Z,11,p,0.644,0.001626
5364,2018-11-18T15:13:17.042500Z,2,s,0.334,0.00225
5365,2018-11-18T15:14:27.660500Z,15,s,0.421,0.02274
5366,2018-11-18T15:14:27.664500Z,15,p,0.457,0.01814
5367,2018-11-18T15:15:43.678500Z,8,p,0.469,0.001608
5368,2018-11-18T15:15:44.023500Z,6,s,0.353,0.002712
5369,2018-11-18T15:15:51.684000Z,5,s,0.311,0.003768
5370,2018-11-18T15:15:51.962500Z,18,s,0.407,0.004022
5371,2018-11-18T15:15:51.967500Z,19,s,0.345,0.001919
5372,2018-11-18T15:16:03.791500Z,5,p,0.361,0.002889
5373,2018-11-18T15:16:03.808500Z,4,p,0.513,0.001848
5374,2018-11-18T15:16:03.812500Z,6,p,0.446,0.003323
5375,2018-11-18T15:16:04.050000Z,19,p,0.401,0.001801
5376,2018-11-18T15:16:06.074500Z,5,s,0.506,0.002307
5377,2018-11-18T15:16:06.094500Z,6,s,0.486,0.003208
5378,2018-11-18T15:16:12.953500Z,3,s,0.542,0.003735
5379,2018-11-18T15:16:18.554000Z,2,p,0.347,0.001725
5380,2018-11-18T15:16:22.958500Z,5,p,0.504,0.00251
5381,2018-11-18T15:16:33.524000Z,5,s,0.837,0.002916
5382,2018-11-18T15:17:21.581500Z,8,s,0.531,0.003171
5383,2018-11-18T15:17:33.674000Z,20,s,0.786,0.002251
5384,2018-11-18T15:17:40.940000Z,24,p,0.985,0.4387
5385,2018-11-18T15:17:40.944000Z,23,p,0.982,0.3839
5386,2018-11-18T15:17:40.949000Z,22,p,0.98,0.3126
5387,2018-11-18T15:17:40.954500Z,21,p,0.974,0.4565
5388,2018-11-18T15:17:40.959500Z,20,p,0.977,0.19
5389,2018-11-18T15:17:40.964000Z,19,p,0.979,0.1513
5390,2018-11-18T15:17:40.970000Z,18,p,0.982,0.1252
5391,2018-11-18T15:17:40.974500Z,17,p,0.981,0.125
5392,2018-11-18T15:17:40.980000Z,16,p,0.982,0.1167
5393,2018-11-18T15:17:40.984500Z,15,p,0.972,0.07967
5394,2018-11-18T15:17:40.990000Z,14,p,0.982,0.06252
5395,2018-11-18T15:17:40.995500Z,13,p,0.982,0.08186
5396,2018-11-18T15:17:41.000000Z,12,p,0.979,0.04915
5397,2018-11-18T15:17:41.005500Z,11,p,0.97,0.04196
5398,2018-11-18T15:17:41.008500Z,10,p,0.952,0.0921
5399,2018-11-18T15:17:41.008500Z,24,s,0.961,0.4387
5400,2018-11-18T15:17:41.015500Z,23,s,0.966,0.3839
5401,2018-11-18T15:17:41.016000Z,9,p,0.92,0.08692
5402,2018-11-18T15:17:41.021500Z,8,p,0.973,0.1083
5403,2018-11-18T15:17:41.023500Z,22,s,0.971,0.3126
5404,2018-11-18T15:17:41.026000Z,7,p,0.969,0.08769
5405,2018-11-18T15:17:41.031500Z,21,s,0.972,0.4565
5406,2018-11-18T15:17:41.032000Z,6,p,0.957,0.06587
5407,2018-11-18T15:17:41.037000Z,5,p,0.978,0.03834
5408,2018-11-18T15:17:41.039500Z,20,s,0.967,0.19
5409,2018-11-18T15:17:41.041000Z,4,p,0.972,0.06663
5410,2018-11-18T15:17:41.047000Z,3,p,0.977,0.03591
5411,2018-11-18T15:17:41.047500Z,19,s,0.965,0.1513
5412,2018-11-18T15:17:41.053000Z,2,p,0.971,0.05726
5413,2018-11-18T15:17:41.057500Z,18,s,0.956,0.1252
5414,2018-11-18T15:17:41.057500Z,1,p,0.976,0.03523
5415,2018-11-18T15:17:41.064500Z,17,s,0.829,0.125
5416,2018-11-18T15:17:41.075000Z,16,s,0.888,0.1167
5417,2018-11-18T15:17:41.084500Z,15,s,0.938,0.07967
5418,2018-11-18T15:17:41.093000Z,14,s,0.934,0.06252
5419,2018-11-18T15:17:41.102500Z,13,s,0.942,0.08186
5420,2018-11-18T15:17:41.111000Z,12,s,0.949,0.04915
5421,2018-11-18T15:17:41.119500Z,11,s,0.921,0.04196
5422,2018-11-18T15:17:41.128500Z,10,s,0.841,0.0921
5423,2018-11-18T15:17:41.136000Z,9,s,0.814,0.08692
5424,2018-11-18T15:17:41.146000Z,8,s,0.92,0.1083
5425,2018-11-18T15:17:41.154000Z,7,s,0.941,0.08769
5426,2018-11-18T15:17:41.162000Z,6,s,0.873,0.06587
5427,2018-11-18T15:17:41.170500Z,5,s,0.946,0.03834
5428,2018-11-18T15:17:41.180500Z,4,s,0.95,0.06663
5429,2018-11-18T15:17:41.189500Z,3,s,0.956,0.03591
5430,2018-11-18T15:17:41.198500Z,2,s,0.937,0.05726
5431,2018-11-18T15:17:41.206000Z,1,s,0.94,0.03523
5432,2018-11-18T15:18:05.559500Z,13,p,0.315,0.002122
5433,2018-11-18T15:18:08.618500Z,5,s,0.41,0.003355
5434,2018-11-18T15:18:35.570500Z,6,s,0.315,0.00258
5435,2018-11-18T15:18:52.238500Z,6,p,0.516,0.003893
5436,2018-11-18T15:18:52.357500Z,11,p,0.458,0.002002
5437,2018-11-18T15:18:52.392500Z,13,p,0.472,0.002819
5438,2018-11-18T15:18:52.526000Z,19,p,0.323,0.001709
5439,2018-11-18T15:19:11.234500Z,6,s,0.492,0.002701
5440,2018-11-18T15:19:11.378500Z,13,p,0.474,0.001834
5441,2018-11-18T15:19:14.010000Z,5,p,0.372,0.001947
5442,2018-11-18T15:19:27.230500Z,5,s,0.378,0.00289
5443,2018-11-18T15:19:28.168500Z,2,s,0.306,0.002211
5444,2018-11-18T15:19:28.242500Z,5,s,0.489,0.002113
5445,2018-11-18T15:19:28.302500Z,8,s,0.331,0.001792
5446,2018-11-18T15:19:29.704000Z,2,s,0.38,0.00191
5447,2018-11-18T15:19:29.791500Z,6,s,0.391,0.002796
5448,2018-11-18T15:19:29.903500Z,11,s,0.318,0.0018
5449,2018-11-18T15:19:31.048000Z,5,s,0.312,0.002455
5450,2018-11-18T15:19:31.152500Z,12,s,0.338,0.002194
5451,2018-11-18T15:19:34.834500Z,6,s,0.302,0.002935
5452,2018-11-18T15:19:34.970500Z,13,p,0.338,0.002177
5453,2018-11-18T15:19:45.322500Z,2,s,0.416,0.002507
5454,2018-11-18T15:19:45.379500Z,5,s,0.327,0.003965
5455,2018-11-18T15:19:45.410500Z,6,s,0.502,0.004066
5456,2018-11-18T15:19:45.510500Z,11,s,0.414,0.001962
5457,2018-11-18T15:19:45.522500Z,12,s,0.364,0.002616
5458,2018-11-18T15:19:45.550500Z,13,s,0.391,0.002963
5459,2018-11-18T15:19:45.682500Z,19,s,0.321,0.002119
5460,2018-11-18T15:19:57.341000Z,6,p,0.411,0.007828
5461,2018-11-18T15:19:57.344500Z,6,s,0.628,0.007828
5462,2018-11-18T15:20:02.759500Z,5,p,0.442,0.002148
5463,2018-11-18T15:20:02.905500Z,11,p,0.369,0.001574
5464,2018-11-18T15:20:03.447500Z,2,s,0.304,0.002123
5465,2018-11-18T15:20:03.478500Z,11,s,0.31,0.0021
5466,2018-11-18T15:20:03.502500Z,12,s,0.383,0.002358
5467,2018-11-18T15:20:03.764500Z,15,p,0.611,0.007644
5468,2018-11-18T15:20:03.811500Z,15,s,0.528,0.007644
5469,2018-11-18T15:20:06.714500Z,18,p,0.521,0.002154
5470,2018-11-18T15:20:09.128500Z,4,p,0.404,0.002591
5471,2018-11-18T15:20:09.295500Z,13,p,0.486,0.004213
5472,2018-11-18T15:20:15.896500Z,2,p,0.434,0.005212
5473,2018-11-18T15:20:16.157500Z,13,p,0.384,0.006295
5474,2018-11-18T15:20:16.234000Z,18,p,0.381,0.005729
5475,2018-11-18T15:20:16.290500Z,3,s,0.41,0.002936
5476,2018-11-18T15:20:17.495500Z,19,s,0.316,0.002707
5477,2018-11-18T15:20:30.082500Z,2,s,0.443,0.003801
5478,2018-11-18T15:20:30.098500Z,3,s,0.401,0.002063
5479,2018-11-18T15:20:30.116000Z,4,s,0.387,0.002257
5480,2018-11-18T15:20:30.150500Z,5,s,0.555,0.005091
5481,2018-11-18T15:20:30.174000Z,6,s,0.483,0.007691
5482,2018-11-18T15:20:30.187500Z,7,s,0.31,0.001873
5483,2018-11-18T15:20:30.290500Z,12,s,0.414,0.004519
5484,2018-11-18T15:20:30.311500Z,13,s,0.337,0.004607
5485,2018-11-18T15:20:30.438500Z,19,s,0.316,0.00257
5486,2018-11-18T15:20:31.297500Z,13,p,0.311,0.003942
5487,2018-11-18T15:20:31.324500Z,2,s,0.35,0.003403
5488,2018-11-18T15:20:31.394500Z,5,s,0.376,0.004897
5489,2018-11-18T15:20:31.412500Z,6,s,0.452,0.005975
5490,2018-11-18T15:20:31.506500Z,11,s,0.341,0.002389
5491,2018-11-18T15:20:31.550500Z,13,s,0.363,0.003942
5492,2018-11-18T15:20:31.658500Z,18,s,0.356,0.004496
5493,2018-11-18T15:20:31.688000Z,19,s,0.364,0.002749
5494,2018-11-18T15:20:32.219500Z,4,p,0.346,0.002613
5495,2018-11-18T15:20:32.311500Z,9,p,0.347,0.002286
5496,2018-11-18T15:20:32.343500Z,10,p,0.404,0.001674
5497,2018-11-18T15:20:32.386000Z,12,p,0.401,0.004186
5498,2018-11-18T15:20:32.409500Z,13,p,0.331,0.005867
5499,2018-11-18T15:20:32.499500Z,17,p,0.342,0.002993
5500,2018-11-18T15:20:33.063500Z,1,s,0.353,0.002963
5501,2018-11-18T15:20:33.107500Z,3,s,0.305,0.004087
5502,2018-11-18T15:20:33.266500Z,6,s,0.436,0.01339
5503,2018-11-18T15:20:33.437500Z,15,s,0.321,0.001741
5504,2018-11-18T15:20:33.479500Z,17,s,0.481,0.005176
5505,2018-11-18T15:20:33.586500Z,22,s,0.508,0.003296
5506,2018-11-18T15:20:41.208500Z,11,s,0.724,0.00385
5507,2018-11-18T15:21:09.708000Z,1,p,0.623,0.002288
5508,2018-11-18T15:21:09.813500Z,1,s,0.714,0.002288
5509,2018-11-18T15:21:55.540000Z,20,s,0.605,0.00233
5510,2018-11-18T15:22:08.138000Z,20,p,0.397,0.001944
5511,2018-11-18T15:22:08.349500Z,20,s,0.394,0.001944
5512,2018-11-18T15:22:22.199500Z,6,p,0.369,0.001685
5513,2018-11-18T15:22:24.722500Z,5,p,0.531,0.002219
5514,2018-11-18T15:22:29.028000Z,20,s,0.627,0.002592
5515,2018-11-18T15:22:33.959500Z,5,p,0.304,0.001191
5516,2018-11-18T15:22:33.990000Z,5,p,0.392,0.003137
5517,2018-11-18T15:22:34.076500Z,5,s,0.824,0.003137
5518,2018-11-18T15:22:39.686500Z,2,s,0.487,0.00394
5519,2018-11-18T15:22:39.710500Z,3,s,0.474,0.002069
5520,2018-11-18T15:22:39.728500Z,4,s,0.341,0.002336
5521,2018-11-18T15:22:39.751500Z,5,s,0.354,0.004665
5522,2018-11-18T15:22:39.773500Z,6,s,0.421,0.005624
5523,2018-11-18T15:22:39.790500Z,7,s,0.325,0.001773
5524,2018-11-18T15:22:39.868000Z,10,s,0.356,0.001749
5525,2018-11-18T15:22:39.878500Z,11,s,0.496,0.002622
5526,2018-11-18T15:22:39.892500Z,12,s,0.44,0.004217
5527,2018-11-18T15:22:40.010500Z,17,s,0.527,0.002859
5528,2018-11-18T15:22:40.010500Z,18,s,0.395,0.002776
5529,2018-11-18T15:22:40.046500Z,19,s,0.416,0.001697
5530,2018-11-18T15:22:41.634500Z,1,s,0.529,0.003377
5531,2018-11-18T15:22:41.660000Z,2,s,0.389,0.008021
5532,2018-11-18T15:22:41.682500Z,3,s,0.377,0.004484
5533,2018-11-18T15:22:41.698500Z,4,s,0.359,0.005986
5534,2018-11-18T15:22:41.720500Z,5,p,0.505,0.01087
5535,2018-11-18T15:22:41.737500Z,6,p,0.362,0.01287
5536,2018-11-18T15:22:41.755500Z,7,s,0.398,0.002709
5537,2018-11-18T15:22:41.782500Z,8,p,0.357,0.006251
5538,2018-11-18T15:22:41.786500Z,8,s,0.37,0.006251
5539,2018-11-18T15:22:41.805000Z,9,s,0.301,0.004021
5540,2018-11-18T15:22:41.831500Z,10,s,0.427,0.002653
5541,2018-11-18T15:22:41.846500Z,11,s,0.479,0.005904
5542,2018-11-18T15:22:41.880500Z,13,s,0.345,0.01267
5543,2018-11-18T15:22:41.942500Z,15,s,0.327,0.001762
5544,2018-11-18T15:22:41.960500Z,16,s,0.578,0.002402
5545,2018-11-18T15:22:41.996500Z,18,s,0.425,0.005249
5546,2018-11-18T15:22:42.018500Z,19,s,0.476,0.003706
5547,2018-11-18T15:22:42.046000Z,20,s,0.366,0.002082
5548,2018-11-18T15:22:42.084500Z,22,s,0.372,0.003322
5549,2018-11-18T15:22:42.094500Z,23,s,0.403,0.001958
5550,2018-11-18T15:22:42.108000Z,24,s,0.435,0.007064
5551,2018-11-18T15:22:43.256000Z,1,s,0.592,0.00226
5552,2018-11-18T15:22:43.274500Z,2,s,0.558,0.005113
5553,2018-11-18T15:22:43.298500Z,3,s,0.502,0.003137
5554,2018-11-18T15:22:43.348000Z,5,s,0.552,0.007403
5555,2018-11-18T15:22:43.366500Z,6,s,0.396,0.009088
5556,2018-11-18T15:22:43.380500Z,24,p,0.333,0.004602
5557,2018-11-18T15:22:43.386500Z,7,s,0.46,0.002598
5558,2018-11-18T15:22:43.408500Z,8,s,0.401,0.004155
5559,2018-11-18T15:22:43.432000Z,9,s,0.355,0.002538
5560,2018-11-18T15:22:43.447500Z,10,s,0.356,0.002141
5561,2018-11-18T15:22:43.464500Z,11,s,0.506,0.004068
5562,2018-11-18T15:22:43.490500Z,12,s,0.413,0.006518
5563,2018-11-18T15:22:43.504500Z,13,s,0.438,0.009698
5564,2018-11-18T15:22:43.600500Z,17,s,0.483,0.004523
5565,2018-11-18T15:22:43.618500Z,18,s,0.418,0.003897
5566,2018-11-18T15:22:43.650500Z,19,s,0.33,0.002518
5567,2018-11-18T15:22:43.654500Z,20,s,0.512,0.001901
5568,2018-11-18T15:22:43.690500Z,21,s,0.465,0.002146
5569,2018-11-18T15:22:43.705500Z,22,s,0.34,0.002298
5570,2018-11-18T15:22:43.727500Z,23,s,0.32,0.001755
5571,2018-11-18T15:22:43.728000Z,24,s,0.42,0.004602
5572,2018-11-18T15:22:44.186500Z,1,s,0.319,0.002245
5573,2018-11-18T15:22:44.212000Z,2,s,0.372,0.004643
5574,2018-11-18T15:22:44.239500Z,4,p,0.352,0.003097
5575,2018-11-18T15:22:44.287000Z,6,s,0.513,0.00708
5576,2018-11-18T15:22:44.298500Z,7,s,0.422,0.001816
5577,2018-11-18T15:22:44.346500Z,8,s,0.391,0.003444
5578,2018-11-18T15:22:44.383500Z,11,s,0.312,0.003207
5579,2018-11-18T15:22:44.415500Z,12,s,0.361,0.005168
5580,2018-11-18T15:22:44.426500Z,13,s,0.366,0.00684
5581,2018-11-18T15:22:44.533500Z,17,s,0.341,0.003188
5582,2018-11-18T15:22:44.540500Z,18,s,0.321,0.002925
5583,2018-11-18T15:22:44.652000Z,24,s,0.355,0.004298
5584,2018-11-18T15:22:45.246500Z,13,p,0.543,0.004341
5585,2018-11-18T15:22:45.394000Z,19,p,0.572,0.001874
5586,2018-11-18T15:22:45.684500Z,19,s,0.378,0.001874
5587,2018-11-18T15:22:47.014500Z,13,p,0.492,0.001745
5588,2018-11-18T15:22:54.741500Z,1,s,0.367,0.001653
5589,2018-11-18T15:22:55.900500Z,1,s,0.378,0.001664
5590,2018-11-18T15:22:55.914500Z,2,s,0.356,0.002957
5591,2018-11-18T15:22:55.935500Z,3,s,0.305,0.001961
5592,2018-11-18T15:22:55.967500Z,4,s,0.31,0.002188
5593,2018-11-18T15:22:55.987500Z,5,s,0.458,0.003746
5594,2018-11-18T15:22:56.008000Z,6,s,0.444,0.004727
5595,2018-11-18T15:22:56.044000Z,8,s,0.463,0.002688
5596,2018-11-18T15:22:56.106500Z,11,s,0.352,0.002441
5597,2018-11-18T15:22:56.126500Z,12,s,0.472,0.003453
5598,2018-11-18T15:22:56.143500Z,13,s,0.319,0.004217
5599,2018-11-18T15:22:56.231500Z,17,s,0.37,0.002547
5600,2018-11-18T15:23:00.457000Z,15,p,0.448,0.01674
5601,2018-11-18T15:23:00.460000Z,15,s,0.45,0.01674
5602,2018-11-18T15:23:12.446500Z,4,p,0.503,0.003659
5603,2018-11-18T15:23:12.586500Z,11,p,0.386,0.002948
5604,2018-11-18T15:23:12.703500Z,17,p,0.303,0.002917
5605,2018-11-18T15:23:12.797500Z,21,p,0.317,0.001974
5606,2018-11-18T15:23:13.059500Z,1,s,0.387,0.002176
5607,2018-11-18T15:23:13.111500Z,3,s,0.369,0.003013
5608,2018-11-18T15:23:13.126500Z,4,s,0.354,0.003826
5609,2018-11-18T15:23:13.178500Z,6,s,0.393,0.008934
5610,2018-11-18T15:23:13.390500Z,16,s,0.335,0.001754
5611,2018-11-18T15:23:13.402500Z,17,s,0.456,0.004505
5612,2018-11-18T15:23:13.452500Z,19,s,0.434,0.002964
5613,2018-11-18T15:23:13.477500Z,21,s,0.302,0.00202
5614,2018-11-18T15:23:13.503000Z,22,s,0.418,0.002341
5615,2018-11-18T15:23:13.886500Z,1,s,0.554,0.002948
5616,2018-11-18T15:23:13.922000Z,2,s,0.341,0.006575
5617,2018-11-18T15:23:13.926500Z,3,s,0.422,0.003747
5618,2018-11-18T15:23:13.943500Z,4,s,0.333,0.004228
5619,2018-11-18T15:23:14.004000Z,6,s,0.398,0.01128
5620,2018-11-18T15:23:14.006500Z,7,s,0.41,0.002301
5621,2018-11-18T15:23:14.054500Z,9,s,0.464,0.002897
5622,2018-11-18T15:23:14.096000Z,11,s,0.422,0.005066
5623,2018-11-18T15:23:14.116500Z,12,s,0.464,0.007944
5624,2018-11-18T15:23:14.132000Z,13,s,0.442,0.01087
5625,2018-11-18T15:23:14.258500Z,18,s,0.491,0.004792
5626,2018-11-18T15:23:14.274500Z,19,s,0.464,0.002744
5627,2018-11-18T15:23:14.349500Z,24,s,0.305,0.006255
5628,2018-11-18T15:23:14.357500Z,23,s,0.336,0.001816
5629,2018-11-18T15:23:15.370500Z,1,p,0.338,0.002719
5630,2018-11-18T15:23:15.392500Z,2,p,0.67,0.006625
5631,2018-11-18T15:23:15.410500Z,3,p,0.619,0.003541
5632,2018-11-18T15:23:15.434000Z,4,p,0.666,0.004528
5633,2018-11-18T15:23:15.465500Z,5,p,0.711,0.00929
5634,2018-11-18T15:23:15.470500Z,6,p,0.516,0.01161
5635,2018-11-18T15:23:15.502500Z,7,p,0.349,0.002323
5636,2018-11-18T15:23:15.522500Z,8,p,0.497,0.00609
5637,2018-11-18T15:23:15.550500Z,9,p,0.684,0.002821
5638,2018-11-18T15:23:15.568500Z,10,p,0.412,0.002407
5639,2018-11-18T15:23:15.608500Z,12,p,0.729,0.008544
5640,2018-11-18T15:23:15.622500Z,13,p,0.466,0.01016
5641,2018-11-18T15:23:15.669500Z,14,p,0.432,0.002114
5642,2018-11-18T15:23:15.680000Z,6,s,0.33,0.01161
5643,2018-11-18T15:23:15.710000Z,17,p,0.336,0.006402
5644,2018-11-18T15:23:15.717500Z,9,s,0.432,0.002821
5645,2018-11-18T15:23:15.733500Z,8,s,0.319,0.00609
5646,2018-11-18T15:23:15.740500Z,18,p,0.4,0.005721
5647,2018-11-18T15:23:15.757500Z,19,p,0.352,0.003262
5648,2018-11-18T15:23:15.793500Z,22,p,0.317,0.002806
5649,2018-11-18T15:23:15.846500Z,23,p,0.634,0.002621
5650,2018-11-18T15:23:15.957500Z,23,s,0.402,0.002621
5651,2018-11-18T15:23:15.991500Z,22,s,0.338,0.002806
5652,2018-11-18T15:23:16.324000Z,13,s,0.362,0.004832
5653,2018-11-18T15:23:17.768500Z,23,p,0.655,0.01398
5654,2018-11-18T15:23:17.806000Z,23,s,0.919,0.01398
5655,2018-11-18T15:23:17.926500Z,2,p,0.391,0.005809
5656,2018-11-18T15:23:17.976500Z,5,p,0.409,0.009125
5657,2018-11-18T15:23:18.121500Z,12,p,0.417,0.006502
5658,2018-11-18T15:23:18.301500Z,12,s,0.32,0.006502
5659,2018-11-18T15:23:18.342500Z,21,s,0.319,0.002388
5660,2018-11-18T15:23:19.761500Z,6,p,0.321,0.004853
5661,2018-11-18T15:23:19.858500Z,2,s,0.462,0.003272
5662,2018-11-18T15:23:19.914500Z,5,s,0.323,0.00418
5663,2018-11-18T15:23:19.946500Z,6,s,0.312,0.004853
5664,2018-11-18T15:23:20.054500Z,12,s,0.366,0.003565
5665,2018-11-18T15:23:20.939500Z,1,s,0.304,0.001749
5666,2018-11-18T15:23:20.983500Z,3,s,0.353,0.001817
5667,2018-11-18T15:23:21.026500Z,5,s,0.408,0.00288
5668,2018-11-18T15:23:21.162500Z,12,p,0.314,0.003037
5669,2018-11-18T15:23:24.183500Z,9,p,0.411,0.001522
5670,2018-11-18T15:23:24.202500Z,2,p,0.365,0.002768
5671,2018-11-18T15:23:24.257500Z,4,p,0.407,0.002129
5672,2018-11-18T15:23:24.258500Z,3,p,0.511,0.001752
5673,2018-11-18T15:23:24.278500Z,5,p,0.489,0.003536
5674,2018-11-18T15:23:24.286500Z,6,p,0.365,0.004313
5675,2018-11-18T15:23:24.410500Z,11,p,0.588,0.002176
5676,2018-11-18T15:23:24.433500Z,13,p,0.343,0.0037
5677,2018-11-18T15:23:24.440500Z,12,p,0.644,0.00302
5678,2018-11-18T15:23:24.554500Z,17,p,0.465,0.002308
5679,2018-11-18T15:23:24.582000Z,19,p,0.306,0.00203
5680,2018-11-18T15:23:24.669500Z,24,s,0.34,0.003068
5681,2018-11-18T15:23:25.685000Z,2,s,0.4,0.002809
5682,2018-11-18T15:23:25.703500Z,3,s,0.376,0.001807
5683,2018-11-18T15:23:25.746500Z,5,s,0.53,0.003859
5684,2018-11-18T15:23:25.768000Z,6,s,0.416,0.004885
5685,2018-11-18T15:23:25.814500Z,8,s,0.332,0.002769
5686,2018-11-18T15:23:25.870500Z,11,s,0.435,0.002486
5687,2018-11-18T15:23:25.890500Z,12,s,0.48,0.003171
5688,2018-11-18T15:23:25.910500Z,13,s,0.343,0.004142
5689,2018-11-18T15:23:26.002500Z,17,s,0.448,0.002477
5690,2018-11-18T15:23:59.301500Z,1,s,0.375,0.001783
5691,2018-11-18T15:24:19.766000Z,24,s,0.631,0.004197
5692,2018-11-18T15:24:31.649500Z,22,s,0.625,0.002664
5693,2018-11-18T15:24:50.434500Z,22,s,0.359,0.002559
5694,2018-11-18T15:24:56.067500Z,20,p,0.858,0.001848
5695,2018-11-18T15:24:56.329500Z,20,s,0.368,0.001848
5696,2018-11-18T15:25:36.838500Z,2,p,0.434,0.001653
5697,2018-11-18T15:25:36.924500Z,5,p,0.603,0.001993
5698,2018-11-18T15:25:36.956500Z,6,p,0.499,0.002106
5699,2018-11-18T15:25:39.736000Z,6,s,0.37,0.002081
5700,2018-11-18T15:25:45.966500Z,2,p,0.443,0.002096
5701,2018-11-18T15:25:45.991500Z,4,p,0.306,0.001695
5702,2018-11-18T15:25:46.032500Z,5,p,0.433,0.002164
5703,2018-11-18T15:25:46.054500Z,6,p,0.395,0.002897
5704,2018-11-18T15:25:46.158500Z,11,p,0.404,0.001869
5705,2018-11-18T15:25:46.179500Z,12,p,0.516,0.002191
5706,2018-11-18T15:25:46.198500Z,13,p,0.548,0.003361
5707,2018-11-18T15:25:46.299500Z,17,p,0.311,0.00183
5708,2018-11-18T15:25:46.364500Z,19,p,0.496,0.00175
5709,2018-11-18T15:25:46.610500Z,2,s,0.321,0.002279
5710,2018-11-18T15:25:46.682500Z,5,s,0.646,0.002372
5711,2018-11-18T15:25:46.703000Z,6,s,0.407,0.002824
5712,2018-11-18T15:25:46.810500Z,11,s,0.337,0.001867
5713,2018-11-18T15:25:46.818500Z,12,s,0.316,0.002329
5714,2018-11-18T15:25:46.846000Z,13,s,0.565,0.003282
5715,2018-11-18T15:25:46.930500Z,17,s,0.338,0.001719
5716,2018-11-18T15:25:48.967500Z,2,s,0.395,0.001699
5717,2018-11-18T15:25:49.034500Z,5,s,0.447,0.002222
5718,2018-11-18T15:25:49.199500Z,13,s,0.304,0.002532
5719,2018-11-18T15:25:52.679500Z,4,s,0.307,0.002032
5720,2018-11-18T15:25:58.434500Z,2,p,0.466,0.001714
5721,2018-11-18T15:25:58.496500Z,6,p,0.534,0.002734
5722,2018-11-18T15:25:58.561500Z,8,p,0.445,0.001823
5723,2018-11-18T15:25:58.617500Z,12,p,0.317,0.001809
5724,2018-11-18T15:25:58.632500Z,11,p,0.486,0.001677
5725,2018-11-18T15:25:58.658500Z,13,p,0.521,0.002663
5726,2018-11-18T15:25:58.760000Z,17,p,0.359,0.001877
5727,2018-11-18T15:25:58.866500Z,2,s,0.31,0.001693
5728,2018-11-18T15:25:58.926500Z,5,s,0.31,0.002563
5729,2018-11-18T15:25:59.052000Z,11,s,0.467,0.001574
5730,2018-11-18T15:25:59.055500Z,12,s,0.337,0.002269
5731,2018-11-18T15:26:00.496500Z,6,p,0.464,0.003371
5732,2018-11-18T15:26:00.624500Z,11,p,0.394,0.001781
5733,2018-11-18T15:26:00.648500Z,13,p,0.326,0.002967
5734,2018-11-18T15:26:01.807500Z,5,s,0.386,0.003129
5735,2018-11-18T15:26:01.882500Z,8,s,0.33,0.002101
5736,2018-11-18T15:26:01.919500Z,11,s,0.333,0.002159
5737,2018-11-18T15:26:02.058500Z,17,s,0.411,0.001968
5738,2018-11-18T15:26:03.628000Z,3,s,0.336,0.002163
5739,2018-11-18T15:26:03.666500Z,5,s,0.396,0.004624
5740,2018-11-18T15:26:03.765500Z,13,p,0.446,0.005302
5741,2018-11-18T15:26:03.774500Z,10,s,0.335,0.001714
5742,2018-11-18T15:26:03.794500Z,11,s,0.419,0.002679
5743,2018-11-18T15:26:04.970500Z,2,p,0.601,0.002368
5744,2018-11-18T15:26:04.993500Z,4,p,0.372,0.001737
5745,2018-11-18T15:26:05.030000Z,5,p,0.532,0.002674
5746,2018-11-18T15:26:05.087500Z,8,p,0.361,0.002441
5747,2018-11-18T15:26:05.164500Z,11,p,0.32,0.002292
5748,2018-11-18T15:26:05.178000Z,12,p,0.591,0.002782
5749,2018-11-18T15:26:05.322500Z,19,p,0.349,0.001885
5750,2018-11-18T15:26:05.422000Z,22,s,0.547,0.005082
5751,2018-11-18T15:26:05.566500Z,2,s,0.435,0.002367
5752,2018-11-18T15:26:05.756000Z,11,s,0.425,0.001892
5753,2018-11-18T15:26:05.778500Z,12,s,0.612,0.002779
5754,2018-11-18T15:26:05.786500Z,13,s,0.411,0.003099
5755,2018-11-18T15:26:06.950500Z,16,p,0.302,0.001513
5756,2018-11-18T15:26:07.126000Z,1,s,0.477,0.003001
5757,2018-11-18T15:26:07.156500Z,2,s,0.479,0.007961
5758,2018-11-18T15:26:07.174500Z,3,s,0.333,0.004318
5759,2018-11-18T15:26:07.239500Z,6,s,0.31,0.01212
5760,2018-11-18T15:26:07.258500Z,7,s,0.598,0.002645
5761,2018-11-18T15:26:07.284500Z,8,s,0.494,0.006461
5762,2018-11-18T15:26:07.290500Z,9,s,0.347,0.003405
5763,2018-11-18T15:26:07.318500Z,10,s,0.432,0.002681
5764,2018-11-18T15:26:07.342500Z,11,s,0.502,0.005543
5765,2018-11-18T15:26:07.346500Z,12,s,0.377,0.009877
5766,2018-11-18T15:26:07.366500Z,13,s,0.382,0.01256
5767,2018-11-18T15:26:07.429500Z,15,s,0.339,0.001724
5768,2018-11-18T15:26:07.442500Z,16,s,0.314,0.002218
5769,2018-11-18T15:26:07.474500Z,17,s,0.433,0.006331
5770,2018-11-18T15:26:07.486500Z,18,s,0.489,0.004609
5771,2018-11-18T15:26:07.506500Z,19,s,0.443,0.003459
5772,2018-11-18T15:26:07.546500Z,20,s,0.534,0.00162
5773,2018-11-18T15:26:07.568000Z,22,s,0.481,0.002794
5774,2018-11-18T15:26:07.582500Z,24,s,0.331,0.006692
5775,2018-11-18T15:26:08.815500Z,8,s,0.433,0.001876
5776,2018-11-18T15:26:09.888000Z,1,s,0.449,0.002196
5777,2018-11-18T15:26:10.000000Z,6,s,0.5,0.008657
5778,2018-11-18T15:26:10.046500Z,8,s,0.419,0.004146
5779,2018-11-18T15:26:10.082500Z,10,s,0.394,0.002088
5780,2018-11-18T15:26:10.102500Z,11,s,0.592,0.004282
5781,2018-11-18T15:26:10.122500Z,13,p,0.405,0.008277
5782,2018-11-18T15:26:10.126500Z,12,s,0.305,0.00593
5783,2018-11-18T15:26:10.215500Z,15,s,0.309,0.00154
5784,2018-11-18T15:26:10.314500Z,21,s,0.443,0.002363
5785,2018-11-18T15:26:10.346500Z,24,s,0.303,0.005266
5786,2018-11-18T15:26:10.349500Z,22,s,0.308,0.00234
5787,2018-11-18T15:26:10.922000Z,9,p,0.386,0.001678
5788,2018-11-18T15:26:10.960500Z,11,p,0.417,0.002378
5789,2018-11-18T15:26:10.970000Z,12,p,0.404,0.003522
5790,2018-11-18T15:26:10.994500Z,13,p,0.35,0.004403
5791,2018-11-18T15:26:11.142000Z,19,p,0.624,0.001497
5792,2018-11-18T15:26:11.478000Z,3,p,0.562,0.002323
5793,2018-11-18T15:26:11.490500Z,4,s,0.384,0.00261
5794,2018-11-18T15:26:11.607000Z,8,s,0.36,0.002401
5795,2018-11-18T15:26:11.642500Z,11,s,0.304,0.002745
5796,2018-11-18T15:26:11.670500Z,12,s,0.488,0.003269
5797,2018-11-18T15:26:11.687500Z,13,p,0.339,0.004362
5798,2018-11-18T15:26:11.779500Z,17,s,0.343,0.002528
5799,2018-11-18T15:26:11.823500Z,19,s,0.377,0.001912
5800,2018-11-18T15:26:12.749500Z,2,p,0.519,0.00193
5801,2018-11-18T15:26:12.985500Z,13,p,0.354,0.002043
5802,2018-11-18T15:26:21.327500Z,2,p,0.374,0.002186
5803,2018-11-18T15:26:21.391000Z,5,p,0.311,0.002047
5804,2018-11-18T15:26:21.559500Z,13,p,0.538,0.002815
5805,2018-11-18T15:26:21.839500Z,2,s,0.303,0.002102
5806,2018-11-18T15:26:23.022500Z,1,s,0.442,0.002849
5807,2018-11-18T15:26:23.056000Z,2,s,0.448,0.006909
5808,2018-11-18T15:26:23.127500Z,20,p,0.796,0.001688
5809,2018-11-18T15:26:23.137500Z,6,p,0.381,0.01068
5810,2018-11-18T15:26:23.159500Z,7,s,0.392,0.002501
5811,2018-11-18T15:26:23.184500Z,9,s,0.32,0.003857
5812,2018-11-18T15:26:23.184500Z,8,s,0.534,0.005154
5813,2018-11-18T15:26:23.222500Z,10,s,0.332,0.002483
5814,2018-11-18T15:26:23.240500Z,11,s,0.427,0.004697
5815,2018-11-18T15:26:23.284500Z,13,s,0.498,0.01091
5816,2018-11-18T15:26:23.346500Z,17,p,0.321,0.005196
5817,2018-11-18T15:26:23.351500Z,16,s,0.391,0.001781
5818,2018-11-18T15:26:23.392000Z,18,s,0.441,0.004632
5819,2018-11-18T15:26:23.414000Z,19,s,0.364,0.002966
5820,2018-11-18T15:26:23.430500Z,20,s,0.484,0.001688
5821,2018-11-18T15:26:23.447500Z,21,s,0.331,0.002551
5822,2018-11-18T15:26:23.468000Z,22,s,0.424,0.002675
5823,2018-11-18T15:26:23.894000Z,2,s,0.365,0.003866
5824,2018-11-18T15:26:23.911000Z,3,s,0.305,0.002216
5825,2018-11-18T15:26:23.941500Z,4,s,0.339,0.00278
5826,2018-11-18T15:26:23.959500Z,5,s,0.371,0.005018
5827,2018-11-18T15:26:23.982500Z,6,s,0.411,0.00599
5828,2018-11-18T15:26:24.074500Z,11,s,0.392,0.002976
5829,2018-11-18T15:26:24.114500Z,13,s,0.342,0.005918
5830,2018-11-18T15:26:24.207500Z,17,s,0.374,0.002874
5831,2018-11-18T15:26:24.258500Z,19,s,0.412,0.00223
5832,2018-11-18T15:26:25.042500Z,2,p,0.484,0.002914
5833,2018-11-18T15:26:25.065500Z,3,p,0.358,0.002247
5834,2018-11-18T15:26:25.086500Z,4,p,0.552,0.002072
5835,2018-11-18T15:26:25.232000Z,11,p,0.427,0.002589
5836,2018-11-18T15:26:25.252500Z,12,p,0.651,0.00323
5837,2018-11-18T15:26:25.272500Z,13,p,0.658,0.004278
5838,2018-11-18T15:26:25.358000Z,17,p,0.42,0.002479
5839,2018-11-18T15:26:25.414500Z,19,p,0.524,0.002025
5840,2018-11-18T15:26:31.825500Z,8,p,0.312,0.001848
5841,2018-11-18T15:26:31.929500Z,13,p,0.335,0.002063
5842,2018-11-18T15:26:32.166000Z,2,s,0.338,0.002091
5843,2018-11-18T15:26:32.330500Z,5,s,0.303,0.001979
5844,2018-11-18T15:26:54.965500Z,5,s,0.327,0.001894
5845,2018-11-18T15:26:54.983500Z,6,s,0.35,0.001991
5846,2018-11-18T15:27:11.019500Z,20,p,0.807,0.00156
5847,2018-11-18T15:27:11.200000Z,20,s,0.684,0.00156
5848,2018-11-18T15:27:33.898000Z,20,s,0.802,0.002975
5849,2018-11-18T15:27:36.983500Z,6,s,0.428,0.002435
5850,2018-11-18T15:27:54.055500Z,8,p,0.481,0.001697
5851,2018-11-18T15:27:54.165500Z,8,s,0.431,0.001538
5852,2018-11-18T15:28:24.959500Z,11,s,0.57,0.003777
5853,2018-11-18T15:29:27.556000Z,1,s,0.333,0.002118
5854,2018-11-18T15:29:36.510500Z,10,p,0.312,0.002714
5855,2018-11-18T15:30:37.286500Z,5,s,0.482,0.002073
5856,2018-11-18T15:31:15.041500Z,23,s,0.765,0.008306
5857,2018-11-18T15:31:34.329500Z,23,s,0.458,0.002786
5858,2018-11-18T15:31:47.980500Z,6,p,0.333,0.001838
5859,2018-11-18T15:31:48.741500Z,5,s,0.666,0.003275
5860,2018-11-18T15:32:50.472500Z,5,s,0.7,0.003051
5861,2018-11-18T15:33:07.696500Z,20,s,0.603,0.00345
5862,2018-11-18T15:33:13.193500Z,6,p,0.302,0.001767
5863,2018-11-18T15:34:28.563000Z,19,p,0.346,0.001542
5864,2018-11-18T15:35:00.709500Z,3,s,0.572,0.003106
5865,2018-11-18T15:35:10.861500Z,4,s,0.792,0.006276
5866,2018-11-18T15:35:26.253500Z,15,s,0.372,0.00761
5867,2018-11-18T15:35:35.676500Z,5,p,0.303,0.001928
5868,2018-11-18T15:35:35.833500Z,13,p,0.488,0.00252
5869,2018-11-18T15:35:35.879000Z,5,s,0.581,0.001928
5870,2018-11-18T15:35:42.518500Z,6,s,0.353,0.002104
5871,2018-11-18T15:36:36.444000Z,11,s,0.813,0.003846
5872,2018-11-18T15:36:59.402000Z,15,p,0.587,0.009097
5873,2018-11-18T15:37:29.697500Z,20,s,0.728,0.002485
5874,2018-11-18T15:37:45.631500Z,6,s,0.336,0.001619
5875,2018-11-18T15:37:56.493500Z,17,s,0.619,0.004096
5876,2018-11-18T15:38:17.281500Z,2,p,0.322,0.001568
5877,2018-11-18T15:38:17.365500Z,6,p,0.374,0.001904
5878,2018-11-18T15:38:17.742500Z,5,s,0.38,0.00176
5879,2018-11-18T15:38:42.555500Z,6,s,0.309,0.001896
5880,2018-11-18T15:39:28.087500Z,6,s,0.332,0.001795
5881,2018-11-18T15:39:30.460500Z,6,s,0.339,0.001531
5882,2018-11-18T15:39:31.862500Z,5,s,0.354,0.001712
5883,2018-11-18T15:39:31.862500Z,6,s,0.373,0.002151
5884,2018-11-18T15:39:36.404500Z,5,p,0.32,0.003564
5885,2018-11-18T15:39:36.496000Z,5,s,0.818,0.003564
5886,2018-11-18T15:39:50.965500Z,20,s,0.494,0.001872
5887,2018-11-18T15:40:01.439500Z,6,s,0.359,0.001724
5888,2018-11-18T15:40:09.028000Z,22,p,0.866,0.003103
5889,2018-11-18T15:40:09.157000Z,22,s,0.827,0.003103
5890,2018-11-18T15:40:10.582500Z,6,s,0.346,0.002058
5891,2018-11-18T15:40:11.590500Z,2,s,0.315,0.001934
5892,2018-11-18T15:40:11.688500Z,6,s,0.454,0.003137
5893,2018-11-18T15:40:11.775500Z,11,s,0.318,0.001848
5894,2018-11-18T15:40:37.214000Z,1,s,0.801,0.002717
5895,2018-11-18T15:40:54.725500Z,5,s,0.508,0.002858
5896,2018-11-18T15:40:57.765000Z,15,p,0.766,0.07311
5897,2018-11-18T15:41:00.735500Z,20,s,0.478,0.0018
5898,2018-11-18T15:41:26.304500Z,22,s,0.335,0.002092
5899,2018-11-18T15:41:46.986500Z,6,s,0.409,0.00245
5900,2018-11-18T15:41:48.853500Z,5,s,0.371,0.001997
5901,2018-11-18T15:42:34.162500Z,5,s,0.329,0.002336
5902,2018-11-18T15:42:55.610500Z,18,s,0.318,0.002726
5903,2018-11-18T15:42:57.476000Z,20,s,0.461,0.002795
5904,2018-11-18T15:43:22.443500Z,2,s,0.316,0.002292
5905,2018-11-18T15:43:22.523500Z,6,s,0.3,0.002577
5906,2018-11-18T15:43:23.802500Z,2,s,0.366,0.001868
5907,2018-11-18T15:43:23.872500Z,6,s,0.429,0.002239
5908,2018-11-18T15:43:24.012500Z,12,s,0.392,0.001996
5909,2018-11-18T15:43:26.921500Z,2,p,0.369,0.001969
5910,2018-11-18T15:43:26.986500Z,5,p,0.375,0.001977
5911,2018-11-18T15:43:27.578000Z,5,p,0.484,0.002111
5912,2018-11-18T15:43:27.591500Z,6,p,0.371,0.002478
5913,2018-11-18T15:43:27.758000Z,13,p,0.402,0.002024
5914,2018-11-18T15:43:32.125500Z,13,p,0.347,0.002642
5915,2018-11-18T15:43:34.505500Z,20,p,0.354,0.001826
5916,2018-11-18T15:43:36.349500Z,23,s,0.446,0.003922
5917,2018-11-18T15:43:42.418500Z,3,p,0.6,0.001869
5918,2018-11-18T15:43:42.441500Z,4,p,0.369,0.00201
5919,2018-11-18T15:43:42.630000Z,13,p,0.356,0.002656
5920,2018-11-18T15:43:47.022500Z,5,p,0.337,0.002662
5921,2018-11-18T15:43:47.039500Z,6,s,0.348,0.002842
5922,2018-11-18T15:43:47.146500Z,11,p,0.403,0.001954
5923,2018-11-18T15:43:47.186500Z,13,p,0.383,0.002731
5924,2018-11-18T15:43:49.063500Z,11,s,0.33,0.001867
5925,2018-11-18T15:43:51.346500Z,11,s,0.819,0.004132
5926,2018-11-18T15:44:17.825500Z,23,p,0.353,0.002796
5927,2018-11-18T15:44:17.936500Z,23,s,0.559,0.002796
5928,2018-11-18T15:44:30.075500Z,6,s,0.308,0.002351
5929,2018-11-18T15:44:39.638500Z,2,p,0.306,0.002337
5930,2018-11-18T15:44:39.689500Z,20,p,0.688,0.001865
5931,2018-11-18T15:44:39.836000Z,20,s,0.601,0.001861
5932,2018-11-18T15:45:01.525500Z,5,s,0.44,0.003192
5933,2018-11-18T15:45:05.141500Z,13,p,0.347,0.002201
5934,2018-11-18T15:45:25.458500Z,5,s,0.439,0.002078
5935,2018-11-18T15:45:31.851500Z,5,p,0.308,0.001822
5936,2018-11-18T15:45:32.285500Z,6,s,0.447,0.002166
5937,2018-11-18T15:45:40.633500Z,13,p,0.328,0.002131
5938,2018-11-18T15:46:00.696500Z,23,s,0.374,0.002688
5939,2018-11-18T15:46:07.794000Z,17,p,0.365,0.002707
5940,2018-11-18T15:46:15.258500Z,6,s,0.313,0.006066
5941,2018-11-18T15:46:40.706500Z,3,s,0.596,0.002981
5942,2018-11-18T15:46:51.442500Z,2,s,0.387,0.003606
5943,2018-11-18T15:46:52.820500Z,4,p,0.38,0.003078
5944,2018-11-18T15:46:56.466000Z,20,p,0.515,0.002762
5945,2018-11-18T15:47:26.066000Z,9,p,0.337,0.002245
5946,2018-11-18T15:47:28.151500Z,16,p,0.312,0.00179
5947,2018-11-18T15:47:32.274500Z,8,s,0.308,0.003717
5948,2018-11-18T15:47:32.281000Z,9,p,0.512,0.002164
5949,2018-11-18T15:47:33.026500Z,1,s,0.387,0.002455
5950,2018-11-18T15:47:33.071500Z,3,s,0.313,0.003132
5951,2018-11-18T15:47:33.143000Z,6,s,0.399,0.01181
5952,2018-11-18T15:47:33.154500Z,7,s,0.419,0.002435
5953,2018-11-18T15:47:33.218500Z,10,s,0.313,0.002585
5954,2018-11-18T15:47:33.278500Z,13,s,0.544,0.008517
5955,2018-11-18T15:47:33.414000Z,19,s,0.357,0.004409
5956,2018-11-18T15:47:42.656500Z,1,p,0.337,0.002039
5957,2018-11-18T15:47:48.772500Z,20,s,0.679,0.002866
5958,2018-11-18T15:48:12.166500Z,4,p,0.63,0.002086
5959,2018-11-18T15:48:15.954500Z,5,s,0.723,0.002684
5960,2018-11-18T15:48:43.124000Z,24,s,0.352,0.004409
5961,2018-11-18T15:49:12.649500Z,20,p,0.623,0.001806
5962,2018-11-18T15:49:12.820000Z,20,s,0.622,0.001806
5963,2018-11-18T15:49:14.755000Z,15,s,0.433,0.007856
5964,2018-11-18T15:49:43.562500Z,2,s,0.456,0.00179
5965,2018-11-18T15:49:43.607500Z,5,p,0.306,0.002012
5966,2018-11-18T15:49:43.647500Z,6,s,0.37,0.002674
5967,2018-11-18T15:49:43.771500Z,12,s,0.313,0.00171
5968,2018-11-18T15:49:43.798000Z,13,p,0.519,0.002296
5969,2018-11-18T15:49:52.272500Z,5,s,0.704,0.003059
5970,2018-11-18T15:49:58.945000Z,5,s,0.882,0.002678
5971,2018-11-18T15:50:35.955500Z,5,p,0.314,0.002601
5972,2018-11-18T15:50:36.117500Z,13,p,0.417,0.002175
5973,2018-11-18T15:50:38.050500Z,2,p,0.491,0.004475
5974,2018-11-18T15:50:38.086500Z,4,p,0.325,0.00356
5975,2018-11-18T15:50:38.280000Z,5,s,0.517,0.005969
5976,2018-11-18T15:50:38.280500Z,13,p,0.51,0.006836
5977,2018-11-18T15:50:41.864500Z,2,s,0.301,0.001948
5978,2018-11-18T15:50:56.199500Z,6,p,0.333,0.001855
5979,2018-11-18T15:51:01.248500Z,23,s,0.586,0.002389
5980,2018-11-18T15:51:07.065000Z,20,p,0.862,0.001966
5981,2018-11-18T15:51:07.240000Z,20,s,0.651,0.001966
5982,2018-11-18T15:51:09.400500Z,15,s,0.74,0.01283
5983,2018-11-18T15:51:39.161500Z,22,s,0.614,0.002144
5984,2018-11-18T15:51:55.068500Z,5,p,0.693,0.001679
5985,2018-11-18T15:51:55.290500Z,5,s,0.379,0.00165
5986,2018-11-18T15:51:58.446500Z,11,p,0.453,0.004248
5987,2018-11-18T15:51:58.552500Z,11,s,0.74,0.004248
5988,2018-11-18T15:51:59.679500Z,6,s,0.394,0.001987
5989,2018-11-18T15:52:18.293500Z,20,p,0.374,0.001913
5990,2018-11-18T15:52:18.639500Z,20,s,0.42,0.001913
5991,2018-11-18T15:52:20.418500Z,6,s,0.365,0.002278
5992,2018-11-18T15:52:59.209500Z,20,p,0.396,0.002888
5993,2018-11-18T15:52:59.330000Z,20,s,0.827,0.002888
5994,2018-11-18T15:53:15.925500Z,23,s,0.555,0.002398
5995,2018-11-18T15:54:25.932000Z,3,s,0.306,0.002557
5996,2018-11-18T15:54:36.917500Z,15,s,0.643,0.002494
5997,2018-11-18T15:55:17.923500Z,5,s,0.393,0.002454
5998,2018-11-18T15:58:32.294500Z,20,s,0.524,0.00334
5999,2018-11-18T15:59:30.225500Z,24,p,0.982,0.2295
6000,2018-11-18T15:59:30.229500Z,23,p,0.977,0.1811
6001,2018-11-18T15:59:30.235000Z,22,p,0.978,0.1582
6002,2018-11-18T15:59:30.240000Z,21,p,0.982,0.1973
6003,2018-11-18T15:59:30.244500Z,20,p,0.977,0.1361
6004,2018-11-18T15:59:30.250000Z,19,p,0.984,0.08606
6005,2018-11-18T15:59:30.255000Z,18,p,0.976,0.09459
6006,2018-11-18T15:59:30.259500Z,17,p,0.975,0.06917
6007,2018-11-18T15:59:30.265000Z,16,p,0.955,0.06946
6008,2018-11-18T15:59:30.270000Z,15,p,0.96,0.07157
6009,2018-11-18T15:59:30.275000Z,14,p,0.966,0.06128
6010,2018-11-18T15:59:30.280500Z,13,p,0.976,0.05614
6011,2018-11-18T15:59:30.285000Z,12,p,0.972,0.03452
6012,2018-11-18T15:59:30.289500Z,11,p,0.932,0.04413
6013,2018-11-18T15:59:30.293000Z,10,p,0.921,0.07579
6014,2018-11-18T15:59:30.300500Z,9,p,0.872,0.07323
6015,2018-11-18T15:59:30.306000Z,8,p,0.957,0.1058
6016,2018-11-18T15:59:30.310000Z,24,s,0.962,0.2295
6017,2018-11-18T15:59:30.310500Z,7,p,0.968,0.08738
6018,2018-11-18T15:59:30.316000Z,6,p,0.974,0.0779
6019,2018-11-18T15:59:30.317500Z,23,s,0.966,0.1811
6020,2018-11-18T15:59:30.321500Z,5,p,0.984,0.04067
6021,2018-11-18T15:59:30.325500Z,22,s,0.967,0.1582
6022,2018-11-18T15:59:30.326500Z,4,p,0.975,0.06585
6023,2018-11-18T15:59:30.331500Z,3,p,0.974,0.05649
6024,2018-11-18T15:59:30.332500Z,21,s,0.96,0.1973
6025,2018-11-18T15:59:30.336000Z,2,p,0.968,0.06905
6026,2018-11-18T15:59:30.340500Z,20,s,0.934,0.1361
6027,2018-11-18T15:59:30.341000Z,1,p,0.975,0.04214
6028,2018-11-18T15:59:30.348500Z,19,s,0.961,0.08606
6029,2018-11-18T15:59:30.358500Z,18,s,0.952,0.09459
6030,2018-11-18T15:59:30.365000Z,17,s,0.718,0.06917
6031,2018-11-18T15:59:30.376500Z,16,s,0.896,0.06946
6032,2018-11-18T15:59:30.385000Z,15,s,0.924,0.07157
6033,2018-11-18T15:59:30.393500Z,14,s,0.921,0.06128
6034,2018-11-18T15:59:30.403000Z,13,s,0.948,0.05614
6035,2018-11-18T15:59:30.411000Z,12,s,0.956,0.03452
6036,2018-11-18T15:59:30.418500Z,11,s,0.901,0.04413
6037,2018-11-18T15:59:30.427500Z,10,s,0.88,0.07579
6038,2018-11-18T15:59:30.435500Z,9,s,0.873,0.07323
6039,2018-11-18T15:59:30.445000Z,8,s,0.917,0.1058
6040,2018-11-18T15:59:30.452500Z,7,s,0.951,0.08738
6041,2018-11-18T15:59:30.461500Z,6,s,0.952,0.0779
6042,2018-11-18T15:59:30.469000Z,5,s,0.945,0.04067
6043,2018-11-18T15:59:30.477500Z,4,s,0.946,0.06585
6044,2018-11-18T15:59:30.487500Z,3,s,0.944,0.05649
6045,2018-11-18T15:59:30.496500Z,2,s,0.952,0.06905
6046,2018-11-18T15:59:30.502500Z,1,s,0.896,0.04214
6047,2018-11-18T16:00:05.885500Z,22,s,0.581,0.005388
6048,2018-11-18T16:00:15.718500Z,11,s,0.547,0.003602
6049,2018-11-18T16:00:50.996000Z,1,s,0.36,0.002995
6050,2018-11-18T16:00:54.682000Z,3,s,0.379,0.003761
6051,2018-11-18T16:00:55.631500Z,5,p,0.415,0.002457
6052,2018-11-18T16:00:55.700500Z,5,s,0.699,0.002457
6053,2018-11-18T16:01:05.901500Z,20,s,0.385,0.002041
6054,2018-11-18T16:01:11.179500Z,5,s,0.86,0.003165
6055,2018-11-18T16:02:16.328000Z,3,s,0.871,0.003679
6056,2018-11-18T16:02:16.831500Z,20,s,0.487,0.001891
6057,2018-11-18T16:02:28.339000Z,15,p,0.345,0.006804
6058,2018-11-18T16:02:57.012500Z,20,s,0.766,0.002659
6059,2018-11-18T16:04:57.462500Z,15,p,0.615,0.04809
6060,2018-11-18T16:05:01.848500Z,5,p,0.476,0.001875
6061,2018-11-18T16:05:51.176500Z,23,s,0.612,0.003186
6062,2018-11-18T16:06:24.002000Z,23,p,0.316,0.00328
6063,2018-11-18T16:06:24.049500Z,23,s,0.572,0.00328
6064,2018-11-18T16:06:54.046500Z,20,p,0.314,0.0017
6065,2018-11-18T16:06:54.272500Z,20,s,0.401,0.0017
6066,2018-11-18T16:07:12.808500Z,5,s,0.706,0.003094
6067,2018-11-18T16:08:23.789000Z,20,s,0.844,0.002966
6068,2018-11-18T16:09:38.358500Z,11,s,0.496,0.004078
6069,2018-11-18T16:10:30.504500Z,5,p,0.576,0.002413
6070,2018-11-18T16:10:30.558000Z,5,s,0.71,0.002413
6071,2018-11-18T16:11:03.024500Z,13,p,0.422,0.00184
6072,2018-11-18T16:11:28.501500Z,2,s,0.614,0.002691
6073,2018-11-18T16:12:22.638500Z,2,p,0.515,0.002537
6074,2018-11-18T16:12:22.703500Z,4,s,0.498,0.001845
6075,2018-11-18T16:12:22.712500Z,5,p,0.594,0.00309
6076,2018-11-18T16:12:22.736500Z,6,p,0.336,0.003965
6077,2018-11-18T16:12:22.783500Z,8,s,0.422,0.002002
6078,2018-11-18T16:12:22.848500Z,11,s,0.483,0.001898
6079,2018-11-18T16:12:22.975500Z,17,s,0.366,0.002108
6080,2018-11-18T16:12:23.002500Z,18,s,0.537,0.002498
6081,2018-11-18T16:12:29.986500Z,2,p,0.654,0.001805
6082,2018-11-18T16:12:30.079500Z,8,p,0.465,0.001679
6083,2018-11-18T16:12:30.133500Z,9,p,0.484,0.00148
6084,2018-11-18T16:12:30.210500Z,13,p,0.512,0.002042
6085,2018-11-18T16:12:30.631500Z,4,s,0.31,0.002556
6086,2018-11-18T16:12:30.658500Z,5,p,0.418,0.00418
6087,2018-11-18T16:12:30.684000Z,6,s,0.457,0.005075
6088,2018-11-18T16:12:30.720000Z,8,s,0.438,0.00231
6089,2018-11-18T16:12:30.812500Z,12,s,0.382,0.003742
6090,2018-11-18T16:12:30.918500Z,17,s,0.31,0.002448
6091,2018-11-18T16:12:30.948500Z,18,s,0.585,0.003143
6092,2018-11-18T16:12:34.191000Z,15,s,0.394,0.01565
6093,2018-11-18T16:12:34.193500Z,15,p,0.402,0.01565
6094,2018-11-18T16:12:46.314500Z,1,s,0.412,0.001745
6095,2018-11-18T16:12:46.322500Z,2,p,0.496,0.003729
6096,2018-11-18T16:12:46.362500Z,3,s,0.579,0.002568
6097,2018-11-18T16:12:46.392500Z,5,p,0.375,0.005407
6098,2018-11-18T16:12:46.458500Z,8,s,0.524,0.002501
6099,2018-11-18T16:12:46.489500Z,9,s,0.398,0.001961
6100,2018-11-18T16:12:46.522500Z,11,s,0.408,0.003021
6101,2018-11-18T16:12:46.546500Z,12,s,0.311,0.004629
6102,2018-11-18T16:12:46.557500Z,13,p,0.611,0.006315
6103,2018-11-18T16:12:46.654500Z,17,s,0.443,0.00292
6104,2018-11-18T16:12:46.702500Z,19,s,0.375,0.00217
6105,2018-11-18T16:13:08.032000Z,20,s,0.85,0.00261
6106,2018-11-18T16:13:10.245500Z,24,s,0.464,0.004973
6107,2018-11-18T16:13:14.216500Z,22,s,0.653,0.004953
6108,2018-11-18T16:13:28.944500Z,13,p,0.45,0.001929
6109,2018-11-18T16:14:09.088500Z,5,p,0.574,0.002602
6110,2018-11-18T16:14:09.111500Z,6,s,0.372,0.002596
6111,2018-11-18T16:14:09.162500Z,8,s,0.434,0.002049
6112,2018-11-18T16:14:39.267500Z,23,s,0.425,0.002278
6113,2018-11-18T16:14:46.886500Z,6,s,0.532,0.001721
6114,2018-11-18T16:14:47.817500Z,1,s,0.335,0.002388
6115,2018-11-18T16:15:14.208500Z,5,s,0.722,0.003735
6116,2018-11-18T16:15:19.190500Z,5,s,0.404,0.002597
6117,2018-11-18T16:15:19.212500Z,6,s,0.384,0.002567
6118,2018-11-18T16:15:21.567500Z,6,s,0.308,0.00213
6119,2018-11-18T16:15:24.998000Z,6,s,0.508,0.006938
6120,2018-11-18T16:15:25.035500Z,8,s,0.362,0.003067
6121,2018-11-18T16:15:25.109500Z,11,s,0.509,0.003085
6122,2018-11-18T16:15:25.126500Z,12,s,0.374,0.004962
6123,2018-11-18T16:15:25.138500Z,13,p,0.334,0.00621
6124,2018-11-18T16:15:25.231500Z,17,s,0.421,0.003107
6125,2018-11-18T16:15:25.260500Z,18,s,0.353,0.005033
6126,2018-11-18T16:15:34.008500Z,12,p,0.669,0.002172
6127,2018-11-18T16:15:44.723500Z,4,p,0.578,0.006105
6128,2018-11-18T16:15:44.780000Z,4,s,0.857,0.006105
6129,2018-11-18T16:16:04.293500Z,6,s,0.341,0.004654
6130,2018-11-18T16:17:31.884500Z,15,p,0.366,0.003998
6131,2018-11-18T16:17:36.765500Z,20,s,0.432,0.001756
6132,2018-11-18T16:17:40.600500Z,15,s,0.582,0.01243
6133,2018-11-18T16:18:22.533500Z,20,s,0.819,0.003467
6134,2018-11-18T16:18:41.709500Z,20,s,0.362,0.001833
6135,2018-11-18T16:18:45.224500Z,11,s,0.435,0.003668
6136,2018-11-18T16:19:39.823500Z,5,s,0.431,0.003159
6137,2018-11-18T16:19:47.923000Z,15,p,0.723,0.06273
6138,2018-11-18T16:19:53.672500Z,22,s,0.427,0.003667
6139,2018-11-18T16:19:59.090000Z,8,s,0.503,0.003551
6140,2018-11-18T16:20:23.868000Z,1,s,0.457,0.002761
6141,2018-11-18T16:20:40.970500Z,5,s,0.371,0.002067
6142,2018-11-18T16:20:41.006500Z,6,s,0.67,0.00226
6143,2018-11-18T16:20:41.146000Z,13,p,0.406,0.00207
6144,2018-11-18T16:20:45.632500Z,23,s,0.382,0.002281
6145,2018-11-18T16:20:50.857500Z,5,s,0.476,0.002536
6146,2018-11-18T16:21:25.018000Z,23,s,0.715,0.003042
6147,2018-11-18T16:21:33.189500Z,8,s,0.585,0.003323
6148,2018-11-18T16:22:01.932500Z,1,p,0.364,0.001639
6149,2018-11-18T16:22:02.039500Z,1,s,0.355,0.001639
6150,2018-11-18T16:23:12.640500Z,3,s,0.344,0.003412
6151,2018-11-18T16:23:58.098500Z,20,s,0.481,0.003353
6152,2018-11-18T16:23:58.843500Z,22,s,0.7,0.005115
6153,2018-11-18T16:24:39.701500Z,20,s,0.678,0.001689
6154,2018-11-18T16:25:42.981500Z,11,s,0.809,0.003626
6155,2018-11-18T16:26:55.215500Z,5,p,0.405,0.001813
6156,2018-11-18T16:27:02.498000Z,2,p,0.446,0.001877
6157,2018-11-18T16:27:02.554000Z,4,p,0.489,0.001767
6158,2018-11-18T16:27:02.576500Z,5,s,0.344,0.002483
6159,2018-11-18T16:27:02.710500Z,12,s,0.477,0.001964
6160,2018-11-18T16:27:50.802000Z,6,p,0.465,0.001583
6161,2018-11-18T16:27:51.598500Z,5,p,0.506,0.002103
6162,2018-11-18T16:27:51.761500Z,13,p,0.356,0.001818
6163,2018-11-18T16:28:19.594000Z,20,s,0.821,0.003112
6164,2018-11-18T16:28:27.550500Z,2,s,0.473,0.001669
6165,2018-11-18T16:28:27.599500Z,5,s,0.316,0.00183
6166,2018-11-18T16:29:10.224500Z,5,p,0.528,0.001654
6167,2018-11-18T16:29:10.298000Z,6,p,0.364,0.001649
6168,2018-11-18T16:29:10.838500Z,6,s,0.315,0.002161
6169,2018-11-18T16:29:21.085500Z,18,s,0.378,0.002611
6170,2018-11-18T16:29:33.631500Z,5,p,0.323,0.002925
6171,2018-11-18T16:29:33.743500Z,5,s,0.671,0.002925
6172,2018-11-18T16:30:12.918500Z,22,p,0.355,0.003033
6173,2018-11-18T16:30:31.632500Z,2,s,0.639,0.001872
6174,2018-11-18T16:30:39.745500Z,20,p,0.367,0.002022
6175,2018-11-18T16:30:39.841500Z,23,p,0.635,0.002421
6176,2018-11-18T16:30:39.952000Z,23,s,0.72,0.002421
6177,2018-11-18T16:30:39.954500Z,20,s,0.562,0.002022
6178,2018-11-18T16:31:03.566500Z,24,s,0.397,0.006183
6179,2018-11-18T16:31:46.358500Z,20,p,0.342,0.001668
6180,2018-11-18T16:31:46.610500Z,20,s,0.603,0.001668
6181,2018-11-18T16:33:12.505500Z,17,s,0.417,0.001954
6182,2018-11-18T16:33:35.254500Z,20,s,0.697,0.002305
6183,2018-11-18T16:33:39.100000Z,11,s,0.715,0.003955
6184,2018-11-18T16:33:42.909500Z,8,s,0.615,0.003086
6185,2018-11-18T16:34:37.052000Z,22,p,0.36,0.00484
6186,2018-11-18T16:34:37.139500Z,22,s,0.815,0.00484
6187,2018-11-18T16:35:03.939500Z,5,p,0.452,0.003139
6188,2018-11-18T16:35:04.017000Z,5,s,0.834,0.003139
6189,2018-11-18T16:36:10.158000Z,19,s,0.425,0.003429
6190,2018-11-18T16:36:38.069500Z,17,s,0.495,0.001962
6191,2018-11-18T16:37:02.660000Z,23,s,0.541,0.003207
6192,2018-11-18T16:37:15.625500Z,19,s,0.46,0.002665
6193,2018-11-18T16:38:14.196500Z,9,s,0.712,0.003601
6194,2018-11-18T16:39:12.488500Z,20,s,0.417,0.002955
6195,2018-11-18T16:39:23.179000Z,5,s,0.85,0.003756
6196,2018-11-18T16:40:05.936000Z,5,s,0.684,0.003039
6197,2018-11-18T16:41:24.345000Z,23,s,0.344,0.07517
6198,2018-11-18T16:41:24.347000Z,23,p,0.649,0.07517
6199,2018-11-18T16:42:14.010000Z,11,s,0.798,0.004516
6200,2018-11-18T16:42:20.082000Z,10,p,0.406,0.001945
6201,2018-11-18T16:42:51.598000Z,1,s,0.589,0.001708
6202,2018-11-18T16:43:05.802000Z,24,s,0.395,0.004713
6203,2018-11-18T16:43:33.498500Z,20,s,0.663,0.00291
6204,2018-11-18T16:44:26.803500Z,5,s,0.712,0.003677
6205,2018-11-18T16:46:12.883500Z,22,s,0.417,0.004616
6206,2018-11-18T16:47:00.407500Z,20,p,0.463,0.001718
6207,2018-11-18T16:47:00.621000Z,20,s,0.49,0.001718
6208,2018-11-18T16:47:18.118000Z,15,p,0.336,0.004951
6209,2018-11-18T16:47:21.246500Z,19,s,0.411,0.004197
6210,2018-11-18T16:47:51.499500Z,23,s,0.375,0.003005
6211,2018-11-18T16:48:07.450500Z,20,s,0.68,0.001763
6212,2018-11-18T16:48:09.269500Z,23,p,0.314,0.00253
6213,2018-11-18T16:48:09.377000Z,23,s,0.619,0.00253
6214,2018-11-18T16:48:19.976500Z,22,s,0.341,0.002996
6215,2018-11-18T16:48:21.600500Z,16,s,0.35,0.00534
6216,2018-11-18T16:48:21.601000Z,16,p,0.454,0.00534
6217,2018-11-18T16:48:46.331000Z,20,s,0.847,0.002606
6218,2018-11-18T16:49:09.166000Z,24,s,0.321,0.004261
6219,2018-11-18T16:49:25.679500Z,6,s,0.37,0.001879
6220,2018-11-18T16:49:50.293500Z,3,s,0.343,0.001877
6221,2018-11-18T16:50:45.012500Z,11,p,0.358,0.004625
6222,2018-11-18T16:50:45.127500Z,11,s,0.697,0.004625
6223,2018-11-18T16:50:51.448500Z,5,s,0.728,0.003203
6224,2018-11-18T16:52:15.698500Z,23,p,0.671,0.002115
6225,2018-11-18T16:52:48.896500Z,23,p,0.428,0.001799
6226,2018-11-18T16:52:49.131500Z,23,s,0.473,0.001786
6227,2018-11-18T16:53:21.382000Z,7,p,0.48,0.001886
6228,2018-11-18T16:53:47.502500Z,20,s,0.728,0.003248
6229,2018-11-18T16:53:47.795500Z,4,p,0.383,0.001726
6230,2018-11-18T16:53:49.126500Z,16,p,0.345,0.002933
6231,2018-11-18T16:53:49.169500Z,13,s,0.339,0.002251
6232,2018-11-18T16:53:49.172000Z,13,p,0.518,0.004101
6233,2018-11-18T16:53:49.380500Z,16,s,0.503,0.002933
6234,2018-11-18T16:53:49.418000Z,13,s,0.888,0.004101
6235,2018-11-18T16:53:49.438000Z,12,s,0.487,0.004255
6236,2018-11-18T16:54:16.354000Z,5,p,0.621,0.003069
6237,2018-11-18T16:54:16.429000Z,5,s,0.749,0.003069
6238,2018-11-18T16:55:12.749500Z,24,s,0.519,0.006394
6239,2018-11-18T16:56:21.789000Z,4,s,0.596,0.006138
6240,2018-11-18T16:57:06.555500Z,1,p,0.77,0.001577
6241,2018-11-18T16:57:06.686500Z,1,s,0.583,0.001577
6242,2018-11-18T16:58:44.081000Z,20,s,0.698,0.002502
6243,2018-11-18T16:59:17.356500Z,11,p,0.399,0.003725
6244,2018-11-18T16:59:17.469500Z,11,s,0.571,0.003725
6245,2018-11-18T17:00:44.900000Z,20,s,0.681,0.002305
6246,2018-11-18T17:00:47.679500Z,17,s,0.305,0.001918
6247,2018-11-18T17:01:08.801000Z,5,s,0.883,0.003402
6248,2018-11-18T17:01:16.717500Z,24,s,0.327,0.004941
6249,2018-11-18T17:01:31.612000Z,5,s,0.742,0.003257
6250,2018-11-18T17:01:54.580000Z,1,p,0.626,0.002943
6251,2018-11-18T17:01:54.677000Z,1,s,0.82,0.002943
6252,2018-11-18T17:02:04.536500Z,3,s,0.36,0.002973
6253,2018-11-18T17:02:57.406500Z,20,p,0.543,0.002069
6254,2018-11-18T17:02:57.700000Z,20,s,0.653,0.002069
6255,2018-11-18T17:03:06.188500Z,3,p,0.792,0.001501
6256,2018-11-18T17:03:06.325500Z,3,s,0.537,0.001501
6257,2018-11-18T17:03:53.683500Z,23,p,0.427,0.00634
6258,2018-11-18T17:03:53.755000Z,24,s,0.894,0.006647
6259,2018-11-18T17:03:53.765000Z,23,s,0.935,0.00634
6260,2018-11-18T17:03:53.772000Z,22,s,0.538,0.004692
6261,2018-11-18T17:03:53.789500Z,20,s,0.787,0.002749
6262,2018-11-18T17:04:09.373500Z,23,s,0.567,0.002182
6263,2018-11-18T17:04:15.309500Z,20,p,0.568,0.003226
6264,2018-11-18T17:04:15.434000Z,20,s,0.36,0.003226
6265,2018-11-18T17:04:23.823500Z,8,s,0.382,0.002374
6266,2018-11-18T17:05:15.299500Z,13,p,0.406,0.002076
6267,2018-11-18T17:05:15.378500Z,19,p,0.562,0.002357
6268,2018-11-18T17:05:16.757500Z,22,p,0.311,0.003166
6269,2018-11-18T17:05:24.574000Z,12,p,0.326,0.001801
6270,2018-11-18T17:05:29.823500Z,3,p,0.323,0.001805
6271,2018-11-18T17:05:40.287500Z,5,p,0.301,0.001745
6272,2018-11-18T17:05:40.762500Z,6,s,0.365,0.002059
6273,2018-11-18T17:05:56.415500Z,20,s,0.374,0.001852
6274,2018-11-18T17:06:14.034500Z,2,p,0.584,0.001772
6275,2018-11-18T17:06:14.256500Z,13,p,0.588,0.001862
6276,2018-11-18T17:06:39.477500Z,5,p,0.397,0.00216
6277,2018-11-18T17:06:42.790500Z,5,p,0.562,0.001865
6278,2018-11-18T17:06:43.178500Z,5,s,0.449,0.001865
6279,2018-11-18T17:06:59.210000Z,2,p,0.558,0.001708
6280,2018-11-18T17:06:59.276500Z,5,p,0.332,0.002394
6281,2018-11-18T17:06:59.295500Z,6,s,0.422,0.002834
6282,2018-11-18T17:06:59.422000Z,13,p,0.534,0.002731
6283,2018-11-18T17:06:59.422500Z,12,s,0.344,0.002584
6284,2018-11-18T17:07:04.767000Z,11,s,0.881,0.003522
6285,2018-11-18T17:07:16.262000Z,5,p,0.51,0.001705
6286,2018-11-18T17:07:16.703500Z,13,s,0.391,0.002525
6287,2018-11-18T17:07:18.217500Z,20,s,0.359,0.001793
6288,2018-11-18T17:07:54.047500Z,5,p,0.649,0.002571
6289,2018-11-18T17:07:54.156000Z,5,s,0.863,0.002571
6290,2018-11-18T17:08:36.272000Z,20,p,0.332,0.002432
6291,2018-11-18T17:08:36.374000Z,20,s,0.814,0.002432
6292,2018-11-18T17:08:36.607500Z,3,s,0.305,0.001979
6293,2018-11-18T17:08:36.748000Z,9,p,0.568,0.001687
6294,2018-11-18T17:08:36.799500Z,12,s,0.355,0.002566
6295,2018-11-18T17:08:36.818000Z,13,p,0.451,0.003331
6296,2018-11-18T17:09:16.714500Z,5,s,0.548,0.002102
6297,2018-11-18T17:10:29.524000Z,20,p,0.609,0.001844
6298,2018-11-18T17:10:29.740000Z,20,s,0.659,0.001844
6299,2018-11-18T17:10:50.760500Z,22,s,0.555,0.004967
6300,2018-11-18T17:12:18.006000Z,1,p,0.33,0.001674
6301,2018-11-18T17:12:18.030000Z,7,p,0.385,0.001643
6302,2018-11-18T17:12:56.012000Z,3,s,0.534,0.002766
6303,2018-11-18T17:13:06.655000Z,15,s,0.656,0.01208
6304,2018-11-18T17:13:20.734500Z,22,s,0.401,0.002299
6305,2018-11-18T17:13:20.885500Z,24,s,0.398,0.006797
6306,2018-11-18T17:13:53.703000Z,20,s,0.81,0.0025
6307,2018-11-18T17:15:15.143500Z,20,s,0.324,0.001761
6308,2018-11-18T17:15:32.423000Z,24,p,0.913,0.04528
6309,2018-11-18T17:15:32.427500Z,23,p,0.958,0.041
6310,2018-11-18T17:15:32.435500Z,22,p,0.884,0.03107
6311,2018-11-18T17:15:32.437500Z,21,p,0.914,0.01737
6312,2018-11-18T17:15:32.438000Z,19,p,0.818,0.006306
6313,2018-11-18T17:15:32.442000Z,20,p,0.89,0.01114
6314,2018-11-18T17:15:32.464500Z,17,p,0.437,0.00746
6315,2018-11-18T17:15:32.469000Z,24,s,0.964,0.04528
6316,2018-11-18T17:15:32.473500Z,15,p,0.623,0.002389
6317,2018-11-18T17:15:32.473500Z,16,p,0.824,0.009551
6318,2018-11-18T17:15:32.477500Z,23,s,0.962,0.041
6319,2018-11-18T17:15:32.479500Z,14,p,0.643,0.00464
6320,2018-11-18T17:15:32.485500Z,13,p,0.971,0.003789
6321,2018-11-18T17:15:32.487000Z,22,s,0.952,0.03107
6322,2018-11-18T17:15:32.491500Z,12,p,0.834,0.00253
6323,2018-11-18T17:15:32.495500Z,21,s,0.961,0.01737
6324,2018-11-18T17:15:32.495500Z,11,p,0.326,0.001737
6325,2018-11-18T17:15:32.499500Z,8,p,0.42,0.00305
6326,2018-11-18T17:15:32.504000Z,20,s,0.92,0.01114
6327,2018-11-18T17:15:32.513000Z,19,s,0.881,0.006306
6328,2018-11-18T17:15:32.525500Z,18,s,0.582,0.003543
6329,2018-11-18T17:15:32.534500Z,5,p,0.395,0.001775
6330,2018-11-18T17:15:32.535500Z,17,s,0.926,0.00746
6331,2018-11-18T17:15:32.543500Z,2,p,0.616,0.002008
6332,2018-11-18T17:15:32.543500Z,4,p,0.677,0.002142
6333,2018-11-18T17:15:32.546500Z,16,s,0.927,0.009551
6334,2018-11-18T17:15:32.554500Z,15,s,0.84,0.002389
6335,2018-11-18T17:15:32.558500Z,1,p,0.399,0.001909
6336,2018-11-18T17:15:32.566000Z,14,s,0.89,0.00464
6337,2018-11-18T17:15:32.575500Z,13,s,0.93,0.003789
6338,2018-11-18T17:15:32.585500Z,12,s,0.792,0.00253
6339,2018-11-18T17:15:32.594500Z,11,s,0.439,0.001737
6340,2018-11-18T17:15:32.605500Z,10,s,0.653,0.001958
6341,2018-11-18T17:15:32.616500Z,9,s,0.46,0.003438
6342,2018-11-18T17:15:32.625000Z,8,s,0.812,0.00305
6343,2018-11-18T17:15:32.633500Z,7,s,0.689,0.002244
6344,2018-11-18T17:15:32.653500Z,5,s,0.606,0.001658
6345,2018-11-18T17:15:32.662000Z,4,s,0.916,0.002142
6346,2018-11-18T17:15:32.672500Z,3,s,0.529,0.00156
6347,2018-11-18T17:15:32.684500Z,2,s,0.826,0.002008
6348,2018-11-18T17:15:32.690500Z,1,s,0.442,0.001909
6349,2018-11-18T17:15:37.668000Z,23,s,0.544,0.003148
6350,2018-11-18T17:16:04.565500Z,5,p,0.455,0.003386
6351,2018-11-18T17:16:04.689000Z,5,s,0.838,0.003386
6352,2018-11-18T17:16:05.110000Z,22,p,0.762,0.003426
6353,2018-11-18T17:16:05.119500Z,17,p,0.447,0.002722
6354,2018-11-18T17:16:05.139500Z,24,p,0.671,0.008877
6355,2018-11-18T17:16:05.144000Z,23,p,0.926,0.006039
6356,2018-11-18T17:16:05.158000Z,21,p,0.691,0.003187
6357,2018-11-18T17:16:05.200000Z,24,s,0.918,0.008877
6358,2018-11-18T17:16:05.208500Z,23,s,0.95,0.006039
6359,2018-11-18T17:16:05.215000Z,22,s,0.932,0.003426
6360,2018-11-18T17:16:05.224500Z,21,s,0.842,0.003187
6361,2018-11-18T17:16:05.232500Z,20,s,0.626,0.002962
6362,2018-11-18T17:16:05.241000Z,19,s,0.64,0.002986
6363,2018-11-18T17:16:05.260000Z,17,s,0.73,0.002722
6364,2018-11-18T17:17:43.557500Z,23,s,0.308,0.002195
6365,2018-11-18T17:18:12.183500Z,6,p,0.465,0.001971
6366,2018-11-18T17:18:12.348000Z,13,p,0.664,0.001762
6367,2018-11-18T17:18:17.253000Z,24,p,0.966,0.006602
6368,2018-11-18T17:18:17.257000Z,23,p,0.942,0.006412
6369,2018-11-18T17:18:17.263000Z,22,p,0.916,0.004661
6370,2018-11-18T17:18:17.273500Z,20,p,0.927,0.002373
6371,2018-11-18T17:18:17.280000Z,19,p,0.908,0.002755
6372,2018-11-18T17:18:17.320500Z,24,s,0.893,0.006602
6373,2018-11-18T17:18:17.329500Z,23,s,0.942,0.006412
6374,2018-11-18T17:18:17.336500Z,22,s,0.414,0.002701
6375,2018-11-18T17:18:17.358500Z,20,s,0.628,0.002373
6376,2018-11-18T17:18:17.363000Z,19,s,0.792,0.001745
6377,2018-11-18T17:18:42.032500Z,16,p,0.735,0.002572
6378,2018-11-18T17:18:42.244000Z,16,s,0.424,0.002572
6379,2018-11-18T17:18:55.316000Z,17,p,0.469,0.001764
6380,2018-11-18T17:18:55.407500Z,24,p,0.982,0.01375
6381,2018-11-18T17:18:55.411500Z,23,p,0.965,0.01699
6382,2018-11-18T17:18:55.417500Z,22,p,0.975,0.01342
6383,2018-11-18T17:18:55.423500Z,21,p,0.977,0.0131
6384,2018-11-18T17:18:55.427500Z,20,p,0.971,0.008812
6385,2018-11-18T17:18:55.433500Z,19,p,0.98,0.009473
6386,2018-11-18T17:18:55.439000Z,18,p,0.943,0.006352
6387,2018-11-18T17:18:55.442500Z,17,s,0.489,0.004302
6388,2018-11-18T17:18:55.444000Z,17,p,0.342,0.004302
6389,2018-11-18T17:18:55.449500Z,16,p,0.954,0.004406
6390,2018-11-18T17:18:55.453500Z,15,s,0.366,0.002663
6391,2018-11-18T17:18:55.456000Z,15,p,0.434,0.002663
6392,2018-11-18T17:18:55.461000Z,14,p,0.946,0.002947
6393,2018-11-18T17:18:55.467500Z,13,p,0.885,0.004502
6394,2018-11-18T17:18:55.473000Z,12,p,0.893,0.004454
6395,2018-11-18T17:18:55.484500Z,24,s,0.923,0.008855
6396,2018-11-18T17:18:55.493000Z,23,s,0.951,0.01113
6397,2018-11-18T17:18:55.501500Z,22,s,0.963,0.006557
6398,2018-11-18T17:18:55.510000Z,21,s,0.947,0.004053
6399,2018-11-18T17:18:55.519500Z,20,s,0.847,0.0041
6400,2018-11-18T17:18:55.523500Z,17,s,0.435,0.002132
6401,2018-11-18T17:18:55.526500Z,19,s,0.875,0.002906
6402,2018-11-18T17:18:55.537000Z,18,s,0.826,0.003369
6403,2018-11-18T17:18:55.560000Z,16,s,0.607,0.001962
6404,2018-11-18T17:18:55.577500Z,14,s,0.763,0.00166
6405,2018-11-18T17:18:55.580500Z,13,s,0.447,0.001554
6406,2018-11-18T17:18:55.603500Z,12,s,0.507,0.001787
6407,2018-11-18T17:19:04.273000Z,20,p,0.959,0.003098
6408,2018-11-18T17:19:04.492500Z,20,s,0.841,0.003098
6409,2018-11-18T17:19:06.503500Z,23,s,0.46,0.0026
6410,2018-11-18T17:19:41.983500Z,20,s,0.394,0.001651
6411,2018-11-18T17:20:10.748000Z,3,s,0.36,0.00296
6412,2018-11-18T17:20:12.380000Z,5,s,0.688,0.002864
6413,2018-11-18T17:20:40.316000Z,15,p,0.868,0.0275
6414,2018-11-18T17:20:47.854000Z,24,s,0.317,0.004846
6415,2018-11-18T17:21:38.005500Z,19,p,0.319,0.00172
6416,2018-11-18T17:21:41.653500Z,19,s,0.338,0.002172
6417,2018-11-18T17:21:57.691000Z,5,s,0.765,0.002611
6418,2018-11-18T17:22:34.637500Z,1,s,0.778,0.003538
6419,2018-11-18T17:22:44.931500Z,11,p,0.308,0.004004
6420,2018-11-18T17:22:45.051500Z,11,s,0.593,0.004004
6421,2018-11-18T17:23:19.224000Z,19,s,0.492,0.002386
6422,2018-11-18T17:24:04.591000Z,5,s,0.763,0.00312
6423,2018-11-18T17:24:39.644000Z,20,s,0.377,0.002515
6424,2018-11-18T17:26:21.887500Z,23,s,0.471,0.002104
6425,2018-11-18T17:26:39.890000Z,15,p,0.532,0.01907
6426,2018-11-18T17:26:51.728000Z,15,p,0.648,0.01076
6427,2018-11-18T17:26:51.730000Z,15,s,0.314,0.01076
6428,2018-11-18T17:27:45.241500Z,1,s,0.415,0.002325
6429,2018-11-18T17:29:24.949500Z,15,s,0.564,0.009862
6430,2018-11-18T17:29:30.276000Z,10,s,0.508,0.01076
6431,2018-11-18T17:30:10.392500Z,20,s,0.459,0.003325
6432,2018-11-18T17:30:10.394000Z,20,p,0.319,0.003325
6433,2018-11-18T17:30:15.464500Z,15,s,0.605,0.01309
6434,2018-11-18T17:31:14.030500Z,15,p,0.791,0.09657
6435,2018-11-18T17:31:40.517500Z,8,s,0.392,0.00246
6436,2018-11-18T17:31:42.360000Z,1,s,0.632,0.002031
6437,2018-11-18T17:32:00.156000Z,5,s,0.546,0.003152
6438,2018-11-18T17:32:06.839500Z,6,s,0.303,0.001886
6439,2018-11-18T17:32:08.015500Z,1,s,0.508,0.001967
6440,2018-11-18T17:32:08.016000Z,4,p,0.387,0.002192
6441,2018-11-18T17:32:08.037500Z,2,s,0.457,0.002074
6442,2018-11-18T17:32:34.538500Z,6,s,0.336,0.00186
6443,2018-11-18T17:32:50.487000Z,15,p,0.715,0.004939
6444,2018-11-18T17:32:55.124500Z,23,s,0.334,0.003324
6445,2018-11-18T17:32:55.342500Z,5,s,0.644,0.002872
6446,2018-11-18T17:33:08.386000Z,5,p,0.341,0.001588
6447,2018-11-18T17:33:08.433500Z,6,p,0.357,0.001813
6448,2018-11-18T17:33:08.601500Z,13,p,0.397,0.00186
6449,2018-11-18T17:33:08.711500Z,6,s,0.3,0.001813
6450,2018-11-18T17:33:08.962500Z,5,s,0.436,0.001875
6451,2018-11-18T17:33:16.480500Z,15,s,0.477,0.005582
6452,2018-11-18T17:33:27.229500Z,6,p,0.37,0.003039
6453,2018-11-18T17:33:27.254000Z,4,p,0.465,0.001912
6454,2018-11-18T17:33:27.354500Z,11,p,0.353,0.001981
6455,2018-11-18T17:33:27.374000Z,9,p,0.469,0.001786
6456,2018-11-18T17:33:27.899500Z,17,s,0.33,0.002091
6457,2018-11-18T17:33:35.128000Z,15,s,0.309,0.007177
6458,2018-11-18T17:34:13.070500Z,6,s,0.437,0.00212
6459,2018-11-18T17:34:26.586500Z,20,s,0.614,0.002769
6460,2018-11-18T17:35:05.666000Z,23,s,0.707,0.002937
6461,2018-11-18T17:35:05.882000Z,15,p,0.508,0.02446
6462,2018-11-18T17:35:09.421500Z,5,p,0.419,0.001549
6463,2018-11-18T17:35:24.087500Z,6,s,0.491,0.003304
6464,2018-11-18T17:35:24.223500Z,13,s,0.348,0.002365
6465,2018-11-18T17:35:46.948500Z,2,p,0.471,0.001749
6466,2018-11-18T17:36:19.975500Z,6,p,0.409,0.001855
6467,2018-11-18T17:36:44.564500Z,15,s,0.632,0.007056
6468,2018-11-18T17:36:50.613500Z,4,s,0.82,0.006008
6469,2018-11-18T17:37:04.612500Z,8,p,0.361,0.003133
6470,2018-11-18T17:37:47.713000Z,15,s,0.485,0.05238
6471,2018-11-18T17:37:47.716500Z,15,p,0.429,0.05238
6472,2018-11-18T17:38:15.410000Z,16,p,0.438,0.001978
6473,2018-11-18T17:38:17.606000Z,15,p,0.551,0.002419
6474,2018-11-18T17:38:17.746500Z,15,s,0.428,0.001758
6475,2018-11-18T17:38:36.320500Z,15,s,0.371,0.04135
6476,2018-11-18T17:38:36.322000Z,15,p,0.496,0.04135
6477,2018-11-18T17:39:02.362500Z,18,s,0.585,0.002677
6478,2018-11-18T17:39:10.193000Z,15,p,0.542,0.03549
6479,2018-11-18T17:39:10.195000Z,15,s,0.3,0.03549
6480,2018-11-18T17:39:46.642500Z,20,s,0.607,0.002569
6481,2018-11-18T17:40:07.146000Z,11,s,0.824,0.004933
6482,2018-11-18T17:40:21.411500Z,15,p,0.661,0.00563
6483,2018-11-18T17:40:21.426000Z,15,s,0.475,0.00563
6484,2018-11-18T17:40:32.088000Z,5,s,0.905,0.003877
6485,2018-11-18T17:41:13.312500Z,22,s,0.554,0.003248
6486,2018-11-18T17:42:25.308500Z,15,s,0.539,0.004588
6487,2018-11-18T17:42:48.092000Z,1,s,0.638,0.00241
6488,2018-11-18T17:42:52.445500Z,15,s,0.463,0.02132
6489,2018-11-18T17:43:11.893500Z,5,s,0.791,0.003032
6490,2018-11-18T17:43:14.484500Z,1,p,0.407,0.001626
6491,2018-11-18T17:43:31.433500Z,22,s,0.591,0.002326
6492,2018-11-18T17:43:56.684500Z,20,p,0.35,0.003084
6493,2018-11-18T17:44:53.760500Z,23,s,0.813,0.003068
6494,2018-11-18T17:46:01.492500Z,15,s,0.526,0.01107
6495,2018-11-18T17:46:12.507500Z,13,s,0.796,0.002837
6496,2018-11-18T17:46:46.088000Z,20,s,0.608,0.001935
6497,2018-11-18T17:47:17.491000Z,15,p,0.918,0.02741
6498,2018-11-18T17:47:19.023500Z,5,p,0.415,0.002675
6499,2018-11-18T17:47:19.116000Z,15,s,0.538,0.007194
6500,2018-11-18T17:47:19.145000Z,5,s,0.783,0.002675
6501,2018-11-18T17:47:20.401500Z,15,p,0.488,0.008212
6502,2018-11-18T17:47:23.904500Z,15,s,0.382,0.0254
6503,2018-11-18T17:48:30.623500Z,11,s,0.753,0.00301
6504,2018-11-18T17:48:41.032500Z,9,s,0.516,0.00244
6505,2018-11-18T17:48:59.665500Z,22,p,0.644,0.004531
6506,2018-11-18T17:48:59.792500Z,22,s,0.743,0.004531
6507,2018-11-18T17:49:44.726000Z,20,s,0.882,0.002678
6508,2018-11-18T17:50:06.386000Z,15,p,0.603,0.2289
6509,2018-11-18T17:50:17.631500Z,20,s,0.851,0.003448
6510,2018-11-18T17:50:38.244500Z,15,s,0.336,0.004031
6511,2018-11-18T17:50:39.536000Z,15,s,0.866,0.0173
6512,2018-11-18T17:50:42.738500Z,23,s,0.341,0.002672
6513,2018-11-18T17:51:13.978000Z,15,s,0.539,0.007918
6514,2018-11-18T17:51:57.731500Z,2,s,0.69,0.002271
6515,2018-11-18T17:52:07.716000Z,19,s,0.667,0.003174
6516,2018-11-18T17:52:11.797500Z,7,p,0.38,0.002132
6517,2018-11-18T17:52:20.999000Z,15,s,0.319,0.003015
6518,2018-11-18T17:52:24.451500Z,5,p,0.467,0.002068
6519,2018-11-18T17:52:41.621000Z,5,s,0.69,0.002962
6520,2018-11-18T17:52:48.253500Z,5,s,0.376,0.002435
6521,2018-11-18T17:53:55.712500Z,15,p,0.353,0.002157
6522,2018-11-18T17:54:56.500000Z,10,s,0.466,0.007571
6523,2018-11-18T17:55:17.234000Z,20,p,0.565,0.003258
6524,2018-11-18T17:55:17.347000Z,20,s,0.477,0.003258
6525,2018-11-18T17:56:46.366000Z,15,s,0.527,0.03228
6526,2018-11-18T17:57:02.990500Z,11,p,0.506,0.00369
6527,2018-11-18T17:57:03.101500Z,11,s,0.641,0.00369
6528,2018-11-18T17:57:27.905500Z,15,p,0.585,0.02829
6529,2018-11-18T17:57:30.426000Z,15,s,0.463,0.01261
6530,2018-11-18T17:57:32.113000Z,15,p,0.571,0.00581
6531,2018-11-18T17:57:32.115000Z,15,s,0.322,0.00581
6532,2018-11-18T17:57:34.072500Z,5,s,0.793,0.0024
6533,2018-11-18T17:57:42.520000Z,24,p,0.366,0.004622
6534,2018-11-18T17:57:42.612000Z,24,s,0.438,0.004622
6535,2018-11-18T17:58:09.304500Z,22,s,0.674,0.00464
6536,2018-11-18T17:58:56.156000Z,15,s,0.498,0.05231
6537,2018-11-18T17:59:05.848500Z,15,p,0.565,0.003636
6538,2018-11-18T17:59:13.260000Z,23,s,0.563,0.002913
6539,2018-11-18T17:59:13.984500Z,15,p,0.448,0.002474
6540,2018-11-18T17:59:39.858500Z,20,s,0.828,0.002747
6541,2018-11-18T17:59:48.527000Z,15,s,0.49,0.01375
6542,2018-11-18T17:59:48.529500Z,15,p,0.362,0.01375
6543,2018-11-18T18:00:23.886000Z,15,p,0.684,0.03377
6544,2018-11-18T18:00:34.592000Z,15,s,0.315,0.004812
6545,2018-11-18T18:00:38.577500Z,15,s,0.328,0.009936
6546,2018-11-18T18:00:42.629000Z,15,p,0.399,0.05553
6547,2018-11-18T18:00:42.629500Z,15,s,0.38,0.05553
6548,2018-11-18T18:00:57.739500Z,23,s,0.346,0.002214
6549,2018-11-18T18:00:59.180000Z,19,s,0.639,0.0268
6550,2018-11-18T18:00:59.183500Z,19,p,0.325,0.02679
6551,2018-11-18T18:01:01.058000Z,15,s,0.509,0.002942
6552,2018-11-18T18:01:17.653000Z,15,p,0.507,0.06633
6553,2018-11-18T18:01:35.878000Z,15,s,0.39,0.00603
6554,2018-11-18T18:01:36.624000Z,15,s,0.422,0.02012
6555,2018-11-18T18:01:38.401500Z,15,p,0.314,0.004078
6556,2018-11-18T18:01:46.526000Z,15,p,0.953,0.01852
6557,2018-11-18T18:01:46.599000Z,15,s,0.912,0.01852
6558,2018-11-18T18:01:56.240000Z,15,p,0.53,0.0145
6559,2018-11-18T18:01:56.242000Z,15,s,0.301,0.0145
6560,2018-11-18T18:02:01.558500Z,1,s,0.46,0.001445
6561,2018-11-18T18:02:03.690000Z,15,p,0.969,0.02335
6562,2018-11-18T18:02:03.718000Z,15,s,0.819,0.02335
6563,2018-11-18T18:02:09.923000Z,15,p,0.491,0.03792
6564,2018-11-18T18:02:09.926500Z,15,s,0.302,0.03792
6565,2018-11-18T18:02:11.716500Z,15,p,0.423,0.009454
6566,2018-11-18T18:02:17.401500Z,20,s,0.46,0.001705
6567,2018-11-18T18:02:22.784500Z,15,p,0.614,0.06723
6568,2018-11-18T18:02:25.684000Z,15,p,0.456,0.005047
6569,2018-11-18T18:02:25.785500Z,15,s,0.417,0.00146
6570,2018-11-18T18:02:26.875000Z,15,s,0.715,0.01559
6571,2018-11-18T18:02:35.185000Z,15,p,0.581,0.1546
6572,2018-11-18T18:02:35.188000Z,15,s,0.314,0.1546
6573,2018-11-18T18:02:36.915500Z,15,p,0.683,0.2092
6574,2018-11-18T18:02:40.015500Z,5,p,0.32,0.003576
6575,2018-11-18T18:02:40.063000Z,5,s,0.772,0.003576
6576,2018-11-18T18:02:43.764500Z,15,s,0.56,0.006787
6577,2018-11-18T18:02:48.158000Z,15,s,0.42,0.02832
6578,2018-11-18T18:02:53.586000Z,16,s,0.302,0.0363
6579,2018-11-18T18:02:53.593500Z,17,p,0.968,0.009272
6580,2018-11-18T18:02:53.594000Z,13,p,0.628,0.01588
6581,2018-11-18T18:02:53.618000Z,13,s,0.886,0.01588
6582,2018-11-18T18:02:53.620000Z,17,s,0.881,0.009272
6583,2018-11-18T18:02:53.637500Z,12,s,0.49,0.009664
6584,2018-11-18T18:02:53.660500Z,11,s,0.526,0.01452
6585,2018-11-18T18:02:53.764500Z,6,p,0.311,0.002372
6586,2018-11-18T18:02:54.578500Z,15,p,0.864,3.026
6587,2018-11-18T18:02:54.585500Z,14,p,0.86,0.03392
6588,2018-11-18T18:02:54.602500Z,16,p,0.32,0.08014
6589,2018-11-18T18:02:54.616000Z,14,s,0.81,0.03392
6590,2018-11-18T18:02:54.622500Z,13,s,0.51,0.0213
6591,2018-11-18T18:02:54.624500Z,15,s,0.51,3.026
6592,2018-11-18T18:02:54.629500Z,16,s,0.304,0.08014
6593,2018-11-18T18:02:54.641000Z,12,p,0.93,0.01263
6594,2018-11-18T18:02:54.662500Z,11,p,0.53,0.007494
6595,2018-11-18T18:02:54.670000Z,10,p,0.328,0.003573
6596,2018-11-18T18:02:54.686500Z,12,s,0.602,0.01263
6597,2018-11-18T18:02:54.713500Z,10,s,0.404,0.003573
6598,2018-11-18T18:02:54.716500Z,8,p,0.548,0.005393
6599,2018-11-18T18:02:54.741500Z,9,s,0.373,0.002204
6600,2018-11-18T18:02:54.767500Z,8,s,0.445,0.005393
6601,2018-11-18T18:02:54.805500Z,24,s,0.604,0.003972
6602,2018-11-18T18:02:54.808500Z,4,p,0.421,0.003113
6603,2018-11-18T18:02:54.811500Z,6,s,0.36,0.002148
6604,2018-11-18T18:02:54.862500Z,4,s,0.369,0.003113
6605,2018-11-18T18:02:54.927500Z,1,s,0.464,0.001759
6606,2018-11-18T18:02:55.608500Z,14,p,0.367,0.0362
6607,2018-11-18T18:02:57.196000Z,16,p,0.303,0.007204
6608,2018-11-18T18:02:57.554000Z,15,p,0.489,1.084
6609,2018-11-18T18:02:57.957500Z,16,s,0.33,0.007378
6610,2018-11-18T18:02:57.959000Z,16,p,0.527,0.007378
6611,2018-11-18T18:02:57.996500Z,16,s,0.39,0.004107
6612,2018-11-18T18:02:59.302000Z,16,p,0.601,0.004855
6613,2018-11-18T18:03:00.440000Z,16,p,0.639,0.03238
6614,2018-11-18T18:03:00.480500Z,5,s,0.662,0.002751
6615,2018-11-18T18:03:00.618000Z,14,p,0.677,0.005943
6616,2018-11-18T18:03:00.664500Z,12,s,0.321,0.001677
6617,2018-11-18T18:03:00.730000Z,14,s,0.511,0.001333
6618,2018-11-18T18:03:01.708500Z,15,p,0.318,0.0884
6619,2018-11-18T18:03:01.754000Z,15,s,0.685,0.0884
6620,2018-11-18T18:03:02.904000Z,14,p,0.344,0.00758
6621,2018-11-18T18:03:04.990500Z,16,p,0.322,0.002186
6622,2018-11-18T18:03:05.476500Z,16,p,0.322,0.005415
6623,2018-11-18T18:03:05.538000Z,16,s,0.518,0.005415
6624,2018-11-18T18:03:05.772000Z,15,p,0.564,0.08769
6625,2018-11-18T18:03:07.397500Z,1,s,0.572,0.002228
6626,2018-11-18T18:03:08.192000Z,16,s,0.542,0.02162
6627,2018-11-18T18:03:08.193500Z,16,p,0.426,0.02162
6628,2018-11-18T18:03:13.379500Z,20,p,0.589,0.002002
6629,2018-11-18T18:03:13.452000Z,15,s,0.66,0.02285
6630,2018-11-18T18:03:13.666500Z,20,s,0.397,0.002002
6631,2018-11-18T18:03:17.176500Z,16,p,0.313,0.002378
6632,2018-11-18T18:03:19.454000Z,15,p,0.985,0.2355
6633,2018-11-18T18:03:19.482500Z,15,s,0.964,0.2355
6634,2018-11-18T18:03:27.408000Z,15,p,0.456,0.03981
6635,2018-11-18T18:03:28.703000Z,15,p,0.803,0.07011
6636,2018-11-18T18:03:28.715500Z,15,s,0.533,0.07011
6637,2018-11-18T18:03:30.700500Z,15,p,0.698,0.09644
6638,2018-11-18T18:03:32.404000Z,15,s,0.494,0.009547
6639,2018-11-18T18:03:33.580000Z,15,p,0.433,0.006901
6640,2018-11-18T18:03:34.105500Z,15,p,0.415,0.01753
6641,2018-11-18T18:03:34.180500Z,15,s,0.351,0.01539
6642,2018-11-18T18:03:35.918000Z,15,p,0.832,0.02046
6643,2018-11-18T18:03:39.480500Z,15,s,0.383,0.003922
6644,2018-11-18T18:03:39.482000Z,15,p,0.428,0.003922
6645,2018-11-18T18:03:39.742000Z,15,p,0.385,0.002418
6646,2018-11-18T18:03:40.948000Z,15,s,0.571,0.004159
6647,2018-11-18T18:03:41.542500Z,15,p,0.648,0.006808
6648,2018-11-18T18:03:41.586000Z,15,s,0.341,0.004083
6649,2018-11-18T18:03:41.812000Z,15,s,0.359,0.006808
6650,2018-11-18T18:03:43.132500Z,22,p,0.548,0.0016
6651,2018-11-18T18:03:44.339000Z,15,p,0.477,0.007277
6652,2018-11-18T18:03:44.900500Z,15,p,0.431,0.003057
6653,2018-11-18T18:03:48.121000Z,15,p,0.608,0.1222
6654,2018-11-18T18:03:48.123000Z,15,s,0.313,0.1222
6655,2018-11-18T18:03:48.986000Z,15,p,0.666,0.007036
6656,2018-11-18T18:03:49.048000Z,15,s,0.835,0.002253
6657,2018-11-18T18:03:49.793500Z,15,p,0.476,0.01204
6658,2018-11-18T18:03:49.796000Z,15,s,0.471,0.01204
6659,2018-11-18T18:03:51.378500Z,15,s,0.421,0.004892
6660,2018-11-18T18:03:57.074000Z,15,p,0.37,0.006018
6661,2018-11-18T18:03:57.251500Z,15,s,0.443,0.006018
6662,2018-11-18T18:03:58.081000Z,14,p,0.78,0.04252
6663,2018-11-18T18:03:58.240500Z,15,p,0.307,0.005882
6664,2018-11-18T18:03:59.034000Z,15,s,0.628,0.01258
6665,2018-11-18T18:04:00.797000Z,15,p,0.951,0.1464
6666,2018-11-18T18:04:02.573500Z,15,p,0.982,0.05307
6667,2018-11-18T18:04:02.595500Z,15,s,0.961,0.04128
6668,2018-11-18T18:04:05.976000Z,15,p,0.545,0.01705
6669,2018-11-18T18:04:10.568000Z,15,p,0.721,0.08223
6670,2018-11-18T18:04:13.920500Z,15,p,0.353,0.03925
6671,2018-11-18T18:04:15.296500Z,15,s,0.415,0.01042
6672,2018-11-18T18:04:15.650000Z,15,p,0.494,0.005132
6673,2018-11-18T18:04:23.712500Z,15,s,0.511,0.002932
6674,2018-11-18T18:04:29.014000Z,15,p,0.862,0.008018
6675,2018-11-18T18:04:29.068500Z,15,s,0.356,0.008018
6676,2018-11-18T18:04:31.352000Z,15,s,0.749,0.00574
6677,2018-11-18T18:04:33.724000Z,15,s,0.767,0.009692
6678,2018-11-18T18:04:35.423500Z,15,s,0.371,0.01295
6679,2018-11-18T18:04:39.253000Z,15,p,0.481,0.0285
6680,2018-11-18T18:04:39.255000Z,15,s,0.362,0.0285
6681,2018-11-18T18:04:41.444500Z,15,p,0.595,0.04886
6682,2018-11-18T18:04:41.514500Z,15,s,0.455,0.04886
6683,2018-11-18T18:04:42.481500Z,15,p,0.602,0.2453
6684,2018-11-18T18:04:46.433500Z,19,s,0.379,0.003283
6685,2018-11-18T18:04:47.784500Z,15,s,0.418,0.02172
6686,2018-11-18T18:04:47.785500Z,15,p,0.346,0.02172
6687,2018-11-18T18:04:50.649000Z,15,p,0.301,0.01053
6688,2018-11-18T18:04:51.138000Z,15,p,0.516,0.01962
6689,2018-11-18T18:04:51.212000Z,15,s,0.383,0.003709
6690,2018-11-18T18:05:01.218500Z,20,p,0.618,0.002547
6691,2018-11-18T18:05:01.436000Z,20,s,0.853,0.002547
6692,2018-11-18T18:05:05.321000Z,15,p,0.354,0.02898
6693,2018-11-18T18:05:08.278500Z,15,s,0.405,0.004367
6694,2018-11-18T18:05:10.825000Z,15,p,0.498,0.007238
6695,2018-11-18T18:05:11.780000Z,15,s,0.454,0.008468
6696,2018-11-18T18:05:13.873000Z,15,p,0.666,0.01451
6697,2018-11-18T18:05:13.885500Z,15,s,0.694,0.01451
6698,2018-11-18T18:05:14.970000Z,15,p,0.504,0.003121
6699,2018-11-18T18:05:16.772500Z,15,s,0.414,0.01378
6700,2018-11-18T18:05:17.649000Z,16,s,0.748,0.002507
6701,2018-11-18T18:05:19.163500Z,15,s,0.496,0.008644
6702,2018-11-18T18:05:20.528000Z,15,s,0.566,0.01107
6703,2018-11-18T18:05:29.769500Z,15,p,0.744,0.1016
6704,2018-11-18T18:05:34.734000Z,16,s,0.697,0.006448
6705,2018-11-18T18:05:39.552000Z,16,s,0.801,0.004386
6706,2018-11-18T18:05:44.953000Z,15,p,0.626,0.03562
6707,2018-11-18T18:05:44.955500Z,15,s,0.35,0.03562
6708,2018-11-18T18:05:47.632000Z,15,p,0.64,0.03945
6709,2018-11-18T18:05:50.365500Z,15,s,0.408,0.002734
6710,2018-11-18T18:05:56.851000Z,15,s,0.304,0.004812
6711,2018-11-18T18:05:59.252000Z,15,p,0.393,0.003262
6712,2018-11-18T18:06:29.296500Z,15,s,0.443,0.02587
6713,2018-11-18T18:06:30.861500Z,15,s,0.544,0.01052
6714,2018-11-18T18:06:45.023500Z,15,s,0.73,0.01558
6715,2018-11-18T18:07:01.819500Z,4,p,0.31,0.002563
6716,2018-11-18T18:07:04.204500Z,16,s,0.491,0.006691
6717,2018-11-18T18:07:21.872500Z,1,p,0.564,0.0028
6718,2018-11-18T18:07:25.057500Z,15,s,0.855,0.01242
6719,2018-11-18T18:07:31.268000Z,15,p,0.789,0.007194
6720,2018-11-18T18:07:31.396000Z,15,s,0.836,0.007194
6721,2018-11-18T18:07:32.324000Z,15,p,0.451,0.002628
6722,2018-11-18T18:07:33.804500Z,15,p,0.706,0.002386
6723,2018-11-18T18:07:34.017500Z,15,s,0.353,0.001488
6724,2018-11-18T18:07:36.057500Z,15,p,0.626,0.0424
6725,2018-11-18T18:07:36.059000Z,15,s,0.354,0.0424
6726,2018-11-18T18:07:37.783000Z,15,s,0.609,0.02752
6727,2018-11-18T18:07:37.786500Z,15,p,0.444,0.02697
6728,2018-11-18T18:07:40.047500Z,16,p,0.383,0.008987
6729,2018-11-18T18:07:40.094500Z,16,s,0.707,0.005311
6730,2018-11-18T18:07:40.367000Z,16,s,0.522,0.009647
6731,2018-11-18T18:07:40.369500Z,16,p,0.463,0.009647
6732,2018-11-18T18:07:50.544000Z,15,p,0.76,0.004887
6733,2018-11-18T18:07:56.244000Z,16,p,0.892,0.06351
6734,2018-11-18T18:07:56.269000Z,16,s,0.753,0.007155
6735,2018-11-18T18:07:57.847500Z,15,p,0.333,0.002304
6736,2018-11-18T18:07:58.817000Z,16,p,0.539,0.005032
6737,2018-11-18T18:08:06.655000Z,16,p,0.714,0.008999
6738,2018-11-18T18:08:06.667500Z,16,s,0.699,0.008999
6739,2018-11-18T18:08:08.572000Z,2,s,0.767,0.00402
6740,2018-11-18T18:08:09.296000Z,15,p,0.764,0.009896
6741,2018-11-18T18:08:10.441500Z,15,p,0.474,0.001624
6742,2018-11-18T18:08:19.223000Z,16,s,0.732,0.002609
6743,2018-11-18T18:08:20.524500Z,15,s,0.338,0.006461
6744,2018-11-18T18:08:20.820500Z,15,s,0.548,0.01219
6745,2018-11-18T18:08:24.369000Z,16,s,0.648,0.01442
6746,2018-11-18T18:08:25.168000Z,15,p,0.932,0.1009
6747,2018-11-18T18:08:25.175500Z,15,s,0.671,0.1009
6748,2018-11-18T18:08:26.251500Z,16,s,0.409,0.00393
6749,2018-11-18T18:08:28.065500Z,16,p,0.358,0.005945
6750,2018-11-18T18:08:28.066500Z,16,s,0.551,0.005945
6751,2018-11-18T18:08:28.686000Z,15,s,0.398,0.006682
6752,2018-11-18T18:08:34.421000Z,15,p,0.324,0.01343
6753,2018-11-18T18:08:34.423500Z,15,s,0.369,0.01343
6754,2018-11-18T18:08:38.289500Z,16,p,0.903,0.004706
6755,2018-11-18T18:08:38.326000Z,16,s,0.806,0.00461
6756,2018-11-18T18:08:42.977500Z,16,p,0.762,0.04326
6757,2018-11-18T18:08:42.981000Z,16,s,0.313,0.04326
6758,2018-11-18T18:08:48.356500Z,16,p,0.545,0.00486
6759,2018-11-18T18:08:48.923000Z,15,p,0.708,0.09716
6760,2018-11-18T18:08:48.929000Z,15,s,0.311,0.09716
6761,2018-11-18T18:08:49.890000Z,16,p,0.853,0.02323
6762,2018-11-18T18:08:50.609500Z,16,p,0.317,0.008709
6763,2018-11-18T18:08:50.864500Z,5,s,0.443,0.002769
6764,2018-11-18T18:08:56.965000Z,16,p,0.879,0.01161
6765,2018-11-18T18:08:57.153000Z,16,s,0.888,0.006858
6766,2018-11-18T18:08:58.063500Z,16,s,0.414,0.009257
6767,2018-11-18T18:08:58.829000Z,15,s,0.452,0.01115
6768,2018-11-18T18:08:58.831500Z,15,p,0.323,0.008094
6769,2018-11-18T18:09:02.457500Z,20,p,0.866,0.004282
6770,2018-11-18T18:09:02.726500Z,16,p,0.56,15.24
6771,2018-11-18T18:09:02.770500Z,16,s,0.67,15.24
6772,2018-11-18T18:09:02.774000Z,18,p,0.795,0.01602
6773,2018-11-18T18:09:02.776500Z,17,s,0.632,0.252
6774,2018-11-18T18:09:02.793500Z,15,s,0.659,16.52
6775,2018-11-18T18:09:02.803500Z,13,p,0.824,0.04925
6776,2018-11-18T18:09:02.810500Z,14,p,0.578,0.2155
6777,2018-11-18T18:09:02.811500Z,19,p,0.487,0.006775
6778,2018-11-18T18:09:02.823500Z,12,p,0.915,0.04031
6779,2018-11-18T18:09:02.830000Z,18,s,0.497,0.01422
6780,2018-11-18T18:09:02.836500Z,13,s,0.79,0.04925
6781,2018-11-18T18:09:02.837500Z,19,s,0.573,0.006775
6782,2018-11-18T18:09:02.843500Z,20,s,0.368,0.004282
6783,2018-11-18T18:09:02.844000Z,11,p,0.835,0.01952
6784,2018-11-18T18:09:02.858500Z,12,s,0.699,0.04031
6785,2018-11-18T18:09:02.860500Z,21,s,0.494,0.004704
6786,2018-11-18T18:09:02.866500Z,9,p,0.547,0.008513
6787,2018-11-18T18:09:02.877000Z,10,p,0.792,0.008569
6788,2018-11-18T18:09:02.879000Z,22,p,0.312,0.008383
6789,2018-11-18T18:09:02.879000Z,11,s,0.693,0.01952
6790,2018-11-18T18:09:02.881500Z,22,s,0.61,0.008383
6791,2018-11-18T18:09:02.904500Z,10,s,0.398,0.008569
6792,2018-11-18T18:09:02.911000Z,23,s,0.763,0.00408
6793,2018-11-18T18:09:02.913500Z,8,p,0.797,0.0161
6794,2018-11-18T18:09:02.918500Z,24,s,0.554,0.01556
6795,2018-11-18T18:09:02.918500Z,9,s,0.71,0.008513
6796,2018-11-18T18:09:02.941500Z,8,s,0.432,0.0161
6797,2018-11-18T18:09:02.962500Z,7,s,0.607,0.005477
6798,2018-11-18T18:09:02.982500Z,6,s,0.616,0.00765
6799,2018-11-18T18:09:02.998500Z,5,s,0.562,0.005014
6800,2018-11-18T18:09:03.028500Z,4,s,0.522,0.007114
6801,2018-11-18T18:09:03.031500Z,3,s,0.386,0.005383
6802,2018-11-18T18:09:03.060000Z,2,s,0.522,0.004792
6803,2018-11-18T18:09:03.073500Z,1,s,0.755,0.004836
6804,2018-11-18T18:09:04.474000Z,17,p,0.462,0.02044
6805,2018-11-18T18:09:04.581500Z,17,s,0.682,0.02044
6806,2018-11-18T18:09:05.320000Z,17,p,0.802,0.01548
6807,2018-11-18T18:09:05.355500Z,17,s,0.606,0.01548
6808,2018-11-18T18:09:05.986500Z,16,p,0.791,1.229
6809,2018-11-18T18:09:07.868000Z,16,p,0.687,1.661
6810,2018-11-18T18:09:07.874000Z,17,p,0.64,0.0139
6811,2018-11-18T18:09:08.087000Z,16,s,0.851,1.661
6812,2018-11-18T18:09:08.094000Z,17,s,0.865,0.0139
6813,2018-11-18T18:09:08.632000Z,17,p,0.507,0.009829
6814,2018-11-18T18:09:08.942000Z,16,p,0.658,0.3121
6815,2018-11-18T18:09:08.996000Z,16,s,0.672,0.3121
6816,2018-11-18T18:09:10.036500Z,16,s,0.43,0.01028
6817,2018-11-18T18:09:11.068500Z,17,p,0.597,0.007512
6818,2018-11-18T18:09:11.117000Z,15,p,0.373,0.07166
6819,2018-11-18T18:09:11.348500Z,16,p,0.472,0.02488
6820,2018-11-18T18:09:11.404500Z,16,s,0.749,0.02488
6821,2018-11-18T18:09:11.764500Z,16,p,0.344,0.009995
6822,2018-11-18T18:09:13.184500Z,16,p,0.954,0.006508
6823,2018-11-18T18:09:13.213000Z,16,s,0.898,0.005569
6824,2018-11-18T18:09:13.464000Z,16,p,0.727,0.02808
6825,2018-11-18T18:09:13.472000Z,17,p,0.626,0.00435
6826,2018-11-18T18:09:14.068000Z,16,p,0.597,0.005139
6827,2018-11-18T18:09:14.192500Z,16,s,0.474,0.005139
6828,2018-11-18T18:09:14.645500Z,16,p,0.475,0.004558
6829,2018-11-18T18:09:14.922000Z,15,p,0.534,0.09526
6830,2018-11-18T18:09:16.344000Z,15,p,0.371,0.07153
6831,2018-11-18T18:09:16.766500Z,16,p,0.391,0.007399
6832,2018-11-18T18:09:16.920500Z,16,s,0.857,0.007399
6833,2018-11-18T18:09:17.048500Z,15,p,0.439,0.01831
6834,2018-11-18T18:09:17.082500Z,15,s,0.302,0.009345
6835,2018-11-18T18:09:17.296000Z,14,p,0.612,0.007141
6836,2018-11-18T18:09:17.474000Z,14,s,0.737,0.007141
6837,2018-11-18T18:09:17.504000Z,16,p,0.895,0.02282
6838,2018-11-18T18:09:17.552000Z,16,s,0.795,0.02282
6839,2018-11-18T18:09:17.993500Z,20,s,0.899,0.006874
6840,2018-11-18T18:09:19.524000Z,16,p,0.94,0.02106
6841,2018-11-18T18:09:19.594000Z,16,s,0.876,0.01235
6842,2018-11-18T18:09:19.962000Z,16,s,0.301,0.02106
6843,2018-11-18T18:09:21.377000Z,16,p,0.894,0.6575
6844,2018-11-18T18:09:21.385000Z,17,p,0.638,0.01039
6845,2018-11-18T18:09:21.399500Z,16,s,0.372,0.2591
6846,2018-11-18T18:09:22.642000Z,16,p,0.564,0.0326
6847,2018-11-18T18:09:22.956000Z,15,p,0.79,0.247
6848,2018-11-18T18:09:23.232500Z,16,p,0.662,0.01008
6849,2018-11-18T18:09:23.301000Z,16,s,0.83,0.003161
6850,2018-11-18T18:09:23.771500Z,16,s,0.376,0.01572
6851,2018-11-18T18:09:23.774000Z,16,p,0.553,0.01572
6852,2018-11-18T18:09:24.302000Z,16,p,0.743,0.03378
6853,2018-11-18T18:09:24.356000Z,16,s,0.711,0.03378
6854,2018-11-18T18:09:25.780500Z,16,p,0.337,0.009713
6855,2018-11-18T18:09:25.828500Z,16,s,0.716,0.009713
6856,2018-11-18T18:09:27.125500Z,16,s,0.57,0.04993
6857,2018-11-18T18:09:27.128000Z,16,p,0.387,0.04993
6858,2018-11-18T18:09:27.265000Z,15,p,0.38,0.05468
6859,2018-11-18T18:09:27.268000Z,15,s,0.304,0.05468
6860,2018-11-18T18:09:27.928500Z,16,p,0.381,0.005558
6861,2018-11-18T18:09:28.190500Z,16,s,0.349,0.001973
6862,2018-11-18T18:09:28.540500Z,16,s,0.394,0.003265
6863,2018-11-18T18:09:29.360500Z,16,p,0.308,0.00424
6864,2018-11-18T18:09:30.368500Z,17,s,0.422,0.01405
6865,2018-11-18T18:09:30.717500Z,16,s,0.403,0.001752
6866,2018-11-18T18:09:30.988500Z,16,p,0.347,0.007062
6867,2018-11-18T18:09:30.991500Z,14,s,0.397,0.007329
6868,2018-11-18T18:09:32.394000Z,16,p,0.347,0.006573
6869,2018-11-18T18:09:32.403500Z,16,s,0.492,0.006573
6870,2018-11-18T18:09:36.165000Z,16,s,0.879,0.003906
6871,2018-11-18T18:09:36.540500Z,16,p,0.403,0.002122
6872,2018-11-18T18:09:36.993500Z,15,s,0.375,0.01926
6873,2018-11-18T18:09:37.363500Z,16,s,0.453,0.001826
6874,2018-11-18T18:09:38.237500Z,16,p,0.978,0.01516
6875,2018-11-18T18:09:38.254000Z,16,s,0.945,0.01516
6876,2018-11-18T18:09:39.767000Z,16,p,0.946,0.01089
6877,2018-11-18T18:09:39.786000Z,16,s,0.927,0.01089
6878,2018-11-18T18:09:41.424500Z,16,s,0.604,0.0104
6879,2018-11-18T18:09:44.385500Z,16,s,0.874,0.005333
6880,2018-11-18T18:09:44.624500Z,15,p,0.657,0.01517
6881,2018-11-18T18:09:44.626000Z,15,s,0.304,0.01517
6882,2018-11-18T18:09:44.729000Z,16,p,0.887,0.004844
6883,2018-11-18T18:09:44.921000Z,16,p,0.374,0.00263
6884,2018-11-18T18:09:44.924500Z,16,s,0.44,0.00263
6885,2018-11-18T18:09:47.702500Z,16,s,0.833,0.009283
6886,2018-11-18T18:09:47.919500Z,16,p,0.939,0.006762
6887,2018-11-18T18:09:48.029500Z,16,s,0.917,0.006762
6888,2018-11-18T18:09:49.275500Z,16,p,0.98,0.02423
6889,2018-11-18T18:09:49.292500Z,16,s,0.853,0.01536
6890,2018-11-18T18:09:49.584000Z,16,p,0.626,0.01193
6891,2018-11-18T18:09:49.588500Z,16,s,0.451,0.01193
6892,2018-11-18T18:09:49.935500Z,15,p,0.862,0.09523
6893,2018-11-18T18:09:50.005500Z,22,p,0.45,0.00493
6894,2018-11-18T18:09:50.075500Z,22,s,0.56,0.00493
6895,2018-11-18T18:09:52.396500Z,20,s,0.82,0.002722
6896,2018-11-18T18:09:52.656000Z,15,p,0.803,0.07347
6897,2018-11-18T18:09:54.674000Z,16,s,0.703,0.007758
6898,2018-11-18T18:09:56.134000Z,16,s,0.836,0.006775
6899,2018-11-18T18:09:57.602000Z,16,p,0.975,0.03505
6900,2018-11-18T18:09:57.609500Z,17,s,0.482,0.004991
6901,2018-11-18T18:09:57.733000Z,16,s,0.905,0.006742
6902,2018-11-18T18:09:58.891000Z,24,s,0.474,0.004737
6903,2018-11-18T18:09:59.221500Z,16,s,0.375,0.009508
6904,2018-11-18T18:09:59.620500Z,16,p,0.347,0.003841
6905,2018-11-18T18:09:59.723500Z,16,s,0.66,0.003841
6906,2018-11-18T18:09:59.953000Z,14,p,0.652,0.03493
6907,2018-11-18T18:09:59.954500Z,14,s,0.311,0.03493
6908,2018-11-18T18:10:00.361500Z,15,p,0.596,0.02628
6909,2018-11-18T18:10:00.363000Z,15,s,0.343,0.02628
6910,2018-11-18T18:10:00.603500Z,16,s,0.479,0.001743
6911,2018-11-18T18:10:09.044000Z,16,s,0.481,0.01906
6912,2018-11-18T18:10:09.047500Z,16,p,0.54,0.01906
6913,2018-11-18T18:10:09.365500Z,16,p,0.431,0.002255
6914,2018-11-18T18:10:09.609000Z,15,p,0.799,0.06937
6915,2018-11-18T18:10:09.612000Z,15,s,0.313,0.06937
6916,2018-11-18T18:10:13.534000Z,15,p,0.615,0.002718
6917,2018-11-18T18:10:13.711500Z,15,s,0.475,0.002431
6918,2018-11-18T18:10:17.148500Z,16,s,0.709,0.006546
6919,2018-11-18T18:10:18.364500Z,15,p,0.503,0.003142
6920,2018-11-18T18:10:18.488500Z,15,s,0.521,0.001892
6921,2018-11-18T18:10:19.225000Z,15,p,0.444,0.004495
6922,2018-11-18T18:10:19.893000Z,16,s,0.515,0.01508
6923,2018-11-18T18:10:19.893500Z,16,p,0.417,0.01508
6924,2018-11-18T18:10:20.164500Z,15,p,0.441,0.004137
6925,2018-11-18T18:10:21.288500Z,16,s,0.6,0.002852
6926,2018-11-18T18:10:22.080500Z,14,p,0.623,0.008242
6927,2018-11-18T18:10:22.483000Z,15,p,0.476,0.01919
6928,2018-11-18T18:10:22.487500Z,15,s,0.423,0.01919
6929,2018-11-18T18:10:23.630500Z,16,p,0.339,0.001394
6930,2018-11-18T18:10:23.730500Z,16,p,0.303,0.01119
6931,2018-11-18T18:10:23.753500Z,16,s,0.796,0.01119
6932,2018-11-18T18:10:25.895500Z,16,s,0.649,0.01077
6933,2018-11-18T18:10:25.897500Z,16,p,0.328,0.01077
6934,2018-11-18T18:10:28.624000Z,15,s,0.322,0.004418
6935,2018-11-18T18:10:29.923500Z,15,s,0.539,0.001707
6936,2018-11-18T18:10:32.639500Z,15,p,0.387,0.002815
6937,2018-11-18T18:10:33.770500Z,15,p,0.351,0.01135
6938,2018-11-18T18:10:33.772500Z,15,s,0.363,0.01135
6939,2018-11-18T18:10:34.782000Z,16,p,0.707,0.02398
6940,2018-11-18T18:10:34.788000Z,16,s,0.314,0.02398
6941,2018-11-18T18:10:35.093000Z,15,p,0.941,0.02557
6942,2018-11-18T18:10:35.104000Z,15,s,0.608,0.02211
6943,2018-11-18T18:10:36.471500Z,16,s,0.334,0.001697
6944,2018-11-18T18:10:36.945500Z,15,p,0.502,0.016
6945,2018-11-18T18:10:36.948000Z,15,s,0.315,0.016
6946,2018-11-18T18:10:38.153000Z,15,p,0.758,0.02603
6947,2018-11-18T18:10:39.060000Z,15,p,0.778,0.01052
6948,2018-11-18T18:10:39.386000Z,15,s,0.404,0.008112
6949,2018-11-18T18:10:42.048000Z,15,s,0.546,0.006264
6950,2018-11-18T18:10:44.098500Z,20,p,0.535,0.002155
6951,2018-11-18T18:10:44.332000Z,20,s,0.5,0.002155
6952,2018-11-18T18:10:51.532000Z,16,p,0.39,0.004224
6953,2018-11-18T18:10:54.922000Z,16,s,0.844,0.003182
6954,2018-11-18T18:10:55.106000Z,15,p,0.31,0.006293
6955,2018-11-18T18:10:55.122000Z,15,s,0.342,0.006293
6956,2018-11-18T18:10:55.786000Z,16,p,0.377,0.001981
6957,2018-11-18T18:10:55.926000Z,16,s,0.712,0.001981
6958,2018-11-18T18:11:01.146000Z,15,p,0.729,0.0958
6959,2018-11-18T18:11:07.574500Z,16,p,0.327,0.00156
6960,2018-11-18T18:11:09.444500Z,3,s,0.458,0.002261
6961,2018-11-18T18:11:20.457000Z,16,s,0.908,0.01527
6962,2018-11-18T18:11:24.148500Z,16,p,0.531,0.004235
6963,2018-11-18T18:11:26.097000Z,16,p,0.654,0.009174
6964,2018-11-18T18:11:26.649500Z,16,s,0.379,0.002866
6965,2018-11-18T18:11:27.360500Z,16,s,0.519,0.005354
6966,2018-11-18T18:11:27.362000Z,16,p,0.382,0.005354
6967,2018-11-18T18:11:34.864000Z,15,p,0.407,0.004826
6968,2018-11-18T18:11:41.216500Z,16,s,0.523,0.002072
6969,2018-11-18T18:11:42.533500Z,16,s,0.313,0.002299
6970,2018-11-18T18:11:42.534500Z,16,p,0.315,0.002299
6971,2018-11-18T18:11:42.617500Z,15,p,0.774,0.01338
6972,2018-11-18T18:11:48.726000Z,16,s,0.306,0.003828
6973,2018-11-18T18:11:50.429500Z,16,p,0.383,0.002992
6974,2018-11-18T18:12:01.151500Z,5,s,0.6,0.00367
6975,2018-11-18T18:12:03.709000Z,15,p,0.442,0.0306
6976,2018-11-18T18:12:03.715000Z,15,s,0.646,0.0306
6977,2018-11-18T18:12:07.414500Z,16,s,0.71,0.005723
6978,2018-11-18T18:12:08.647500Z,16,p,0.614,0.01224
6979,2018-11-18T18:12:08.649500Z,16,s,0.343,0.01224
6980,2018-11-18T18:12:12.868500Z,15,s,0.337,0.01968
6981,2018-11-18T18:12:19.488500Z,14,p,0.736,0.03369
6982,2018-11-18T18:12:19.490500Z,14,s,0.314,0.03369
6983,2018-11-18T18:12:20.536500Z,16,s,0.678,0.01932
6984,2018-11-18T18:12:25.193500Z,16,p,0.592,0.01356
6985,2018-11-18T18:12:25.196500Z,16,s,0.392,0.01356
6986,2018-11-18T18:12:27.464500Z,15,p,0.509,0.01433
6987,2018-11-18T18:12:27.466500Z,15,s,0.333,0.01433
6988,2018-11-18T18:12:31.355500Z,16,p,0.322,0.00433
6989,2018-11-18T18:12:31.468500Z,16,s,0.784,0.00433
6990,2018-11-18T18:12:39.366500Z,15,s,0.609,0.01701
6991,2018-11-18T18:12:42.292000Z,16,s,0.57,0.009533
6992,2018-11-18T18:12:43.857500Z,17,p,0.384,0.001836
6993,2018-11-18T18:12:44.506500Z,6,s,0.384,0.001662
6994,2018-11-18T18:12:45.231500Z,16,p,0.666,0.0103
6995,2018-11-18T18:12:45.239500Z,16,s,0.553,0.0103
6996,2018-11-18T18:12:45.700000Z,16,p,0.543,0.001809
6997,2018-11-18T18:12:47.641000Z,15,p,0.408,0.01055
6998,2018-11-18T18:12:47.642000Z,15,s,0.311,0.01055
6999,2018-11-18T18:12:50.319500Z,2,s,0.321,0.001835
7000,2018-11-18T18:12:51.710000Z,6,p,0.477,0.001842
7001,2018-11-18T18:12:59.439500Z,20,p,0.541,0.00166
7002,2018-11-18T18:12:59.634500Z,20,s,0.68,0.00166
7003,2018-11-18T18:13:02.234000Z,16,s,0.826,0.001999
7004,2018-11-18T18:13:04.576500Z,16,s,0.71,0.001615
7005,2018-11-18T18:13:09.223500Z,6,s,0.317,0.001626
7006,2018-11-18T18:13:16.294500Z,16,s,0.365,0.00167
7007,2018-11-18T18:13:22.758000Z,15,s,0.337,0.03106
7008,2018-11-18T18:13:22.760000Z,15,p,0.735,0.03106
7009,2018-11-18T18:13:22.959500Z,11,s,0.523,0.004619
7010,2018-11-18T18:13:23.391000Z,16,s,0.718,0.005344
7011,2018-11-18T18:13:27.004000Z,16,s,0.636,0.005151
7012,2018-11-18T18:13:27.704000Z,15,s,0.309,0.004351
7013,2018-11-18T18:13:31.571500Z,14,s,0.389,0.01424
7014,2018-11-18T18:13:33.527000Z,15,p,0.665,0.1078
7015,2018-11-18T18:13:33.532000Z,15,s,0.311,0.1078
7016,2018-11-18T18:13:40.629500Z,15,p,0.309,0.0107
7017,2018-11-18T18:13:51.886500Z,16,p,0.489,0.003881
7018,2018-11-18T18:13:51.948000Z,16,s,0.875,0.003881
7019,2018-11-18T18:13:58.190500Z,20,p,0.56,0.001669
7020,2018-11-18T18:14:02.001000Z,16,p,0.525,0.08988
7021,2018-11-18T18:14:10.232000Z,15,p,0.59,0.006161
7022,2018-11-18T18:14:11.133500Z,15,s,0.48,0.007116
7023,2018-11-18T18:14:11.771000Z,14,s,0.879,0.0236
7024,2018-11-18T18:14:18.933500Z,15,s,0.413,0.02848
7025,2018-11-18T18:14:28.565500Z,9,s,0.607,0.002965
7026,2018-11-18T18:14:36.781500Z,16,s,0.388,0.008915
7027,2018-11-18T18:14:40.640500Z,15,p,0.449,0.003555
7028,2018-11-18T18:14:44.986000Z,17,p,0.551,0.007769
7029,2018-11-18T18:14:45.012000Z,16,s,0.508,0.007579
7030,2018-11-18T18:14:45.015500Z,17,s,0.769,0.007769
7031,2018-11-18T18:14:51.984500Z,5,s,0.674,0.003151
7032,2018-11-18T18:14:55.141500Z,20,s,0.792,0.00296
7033,2018-11-18T18:14:57.230000Z,24,p,0.782,0.004106
7034,2018-11-18T18:14:57.237500Z,23,p,0.851,0.003793
7035,2018-11-18T18:14:57.353000Z,24,s,0.864,0.004106
7036,2018-11-18T18:14:57.361000Z,23,s,0.792,0.003793
7037,2018-11-18T18:14:57.379500Z,20,s,0.305,0.001744
7038,2018-11-18T18:15:15.356000Z,15,s,0.492,0.01911
7039,2018-11-18T18:15:22.354000Z,16,s,0.373,0.008213
7040,2018-11-18T18:15:22.356000Z,16,p,0.53,0.008213
7041,2018-11-18T18:15:49.376500Z,15,p,0.656,0.004356
7042,2018-11-18T18:15:49.475500Z,15,s,0.373,0.001799
7043,2018-11-18T18:15:57.704000Z,14,s,0.686,0.03467
7044,2018-11-18T18:16:00.127500Z,15,p,0.78,0.06529
7045,2018-11-18T18:16:01.001500Z,15,p,0.634,0.01059
7046,2018-11-18T18:16:11.053000Z,14,p,0.798,0.184
7047,2018-11-18T18:16:13.088000Z,24,s,0.515,0.004564
7048,2018-11-18T18:16:15.624000Z,16,s,0.881,0.005383
7049,2018-11-18T18:16:44.029500Z,14,s,0.369,0.01353
7050,2018-11-18T18:16:49.916500Z,15,s,0.359,0.004517
7051,2018-11-18T18:17:07.630000Z,16,p,0.833,0.001503
7052,2018-11-18T18:17:07.777000Z,16,s,0.778,0.001479
7053,2018-11-18T18:17:11.909500Z,8,s,0.621,0.00362
7054,2018-11-18T18:17:12.580000Z,14,s,0.537,0.02579
7055,2018-11-18T18:17:12.582500Z,14,p,0.406,0.02579
7056,2018-11-18T18:17:25.180000Z,4,s,0.765,0.006665
7057,2018-11-18T18:17:31.216000Z,15,p,0.899,0.05179
7058,2018-11-18T18:17:31.276000Z,15,s,0.717,0.01936
7059,2018-11-18T18:17:38.973500Z,15,s,0.793,0.01018
7060,2018-11-18T18:18:02.206500Z,22,p,0.37,0.004558
7061,2018-11-18T18:18:02.216000Z,20,p,0.807,0.003231
7062,2018-11-18T18:18:02.248000Z,24,p,0.443,0.006015
7063,2018-11-18T18:18:02.249500Z,23,p,0.821,0.007375
7064,2018-11-18T18:18:02.265500Z,21,p,0.679,0.004512
7065,2018-11-18T18:18:02.274000Z,19,p,0.761,0.002146
7066,2018-11-18T18:18:02.282000Z,18,p,0.394,0.004451
7067,2018-11-18T18:18:02.311000Z,24,s,0.916,0.006015
7068,2018-11-18T18:18:02.314000Z,12,p,0.796,0.001834
7069,2018-11-18T18:18:02.320000Z,23,s,0.914,0.007375
7070,2018-11-18T18:18:02.329000Z,22,s,0.914,0.004558
7071,2018-11-18T18:18:02.336500Z,21,s,0.75,0.004512
7072,2018-11-18T18:18:02.346500Z,20,s,0.77,0.003231
7073,2018-11-18T18:18:02.352000Z,19,s,0.771,0.002146
7074,2018-11-18T18:18:02.380500Z,16,s,0.649,0.001716
7075,2018-11-18T18:18:02.421000Z,12,s,0.757,0.001692
7076,2018-11-18T18:18:03.341500Z,16,s,0.459,0.002286
7077,2018-11-18T18:18:18.058000Z,20,p,0.521,0.001915
7078,2018-11-18T18:18:18.294500Z,20,s,0.711,0.001915
7079,2018-11-18T18:18:54.548000Z,16,s,0.738,0.019
7080,2018-11-18T18:18:57.320000Z,16,s,0.824,0.007249
7081,2018-11-18T18:19:03.076500Z,22,s,0.461,0.003025
7082,2018-11-18T18:19:10.995500Z,15,p,0.811,0.1838
7083,2018-11-18T18:19:29.168000Z,16,p,0.414,0.002641
7084,2018-11-18T18:19:29.269500Z,16,s,0.594,0.002641
7085,2018-11-18T18:19:38.961000Z,15,p,0.532,0.008403
7086,2018-11-18T18:19:38.964500Z,15,s,0.427,0.008403
7087,2018-11-18T18:20:30.550500Z,20,s,0.747,0.00339
7088,2018-11-18T18:20:39.310500Z,16,s,0.381,0.002545
7089,2018-11-18T18:20:42.993500Z,16,s,0.388,0.008019
7090,2018-11-18T18:20:42.996500Z,17,s,0.475,0.009832
7091,2018-11-18T18:20:42.998000Z,17,p,0.497,0.009832
7092,2018-11-18T18:21:00.334500Z,11,s,0.629,0.003394
7093,2018-11-18T18:21:11.877500Z,15,s,0.419,0.01991
7094,2018-11-18T18:21:11.880000Z,15,p,0.301,0.01991
7095,2018-11-18T18:21:20.051500Z,15,p,0.416,0.007625
7096,2018-11-18T18:21:23.549500Z,15,s,0.676,0.00892
7097,2018-11-18T18:21:30.451500Z,20,s,0.555,0.001862
7098,2018-11-18T18:21:48.536000Z,1,p,0.414,0.001783
7099,2018-11-18T18:22:18.620500Z,24,s,0.463,0.005243
7100,2018-11-18T18:22:46.587500Z,5,s,0.817,0.002539
7101,2018-11-18T18:23:47.478500Z,16,s,0.355,0.003358
7102,2018-11-18T18:23:49.548500Z,14,s,0.595,0.02717
7103,2018-11-18T18:24:21.605500Z,20,p,0.353,0.001893
7104,2018-11-18T18:24:21.873500Z,20,s,0.411,0.001893
7105,2018-11-18T18:24:51.132000Z,20,p,0.481,0.002661
7106,2018-11-18T18:24:51.394000Z,20,s,0.813,0.002661
7107,2018-11-18T18:25:14.884500Z,16,p,0.322,0.004093
7108,2018-11-18T18:25:14.958500Z,16,s,0.714,0.004093
7109,2018-11-18T18:25:28.272500Z,16,p,0.35,0.003557
7110,2018-11-18T18:25:29.032000Z,20,s,0.407,0.001628
7111,2018-11-18T18:26:42.202500Z,10,s,0.51,0.01476
7112,2018-11-18T18:26:42.204000Z,10,p,0.449,0.01476
7113,2018-11-18T18:26:49.918500Z,20,p,0.386,0.001899
7114,2018-11-18T18:26:49.957000Z,15,p,0.555,0.04244
7115,2018-11-18T18:26:49.960000Z,15,s,0.306,0.04244
7116,2018-11-18T18:26:50.157500Z,20,s,0.552,0.001899
7117,2018-11-18T18:26:56.845500Z,22,s,0.465,0.002422
7118,2018-11-18T18:27:03.529500Z,16,p,0.521,0.00898
7119,2018-11-18T18:27:09.358000Z,24,s,0.763,0.009459
7120,2018-11-18T18:28:12.915500Z,16,p,0.903,0.003104
7121,2018-11-18T18:28:13.029500Z,16,s,0.782,0.003104
7122,2018-11-18T18:28:15.320500Z,5,s,0.639,0.002618
7123,2018-11-18T18:28:17.065500Z,18,s,0.628,0.007001
7124,2018-11-18T18:28:26.732500Z,24,s,0.314,0.005256
7125,2018-11-18T18:28:31.673000Z,15,p,0.321,0.02094
7126,2018-11-18T18:28:36.732000Z,14,s,0.782,0.01817
7127,2018-11-18T18:28:45.589500Z,11,p,0.776,0.003832
7128,2018-11-18T18:28:45.688500Z,11,s,0.815,0.003832
7129,2018-11-18T18:28:48.702000Z,16,p,0.501,0.0231
7130,2018-11-18T18:28:48.704500Z,16,s,0.457,0.0231
7131,2018-11-18T18:28:48.705000Z,15,p,0.658,0.008208
7132,2018-11-18T18:28:51.076500Z,15,s,0.458,0.01683
7133,2018-11-18T18:30:17.244000Z,20,p,0.39,0.002512
7134,2018-11-18T18:30:17.444000Z,20,s,0.787,0.002512
7135,2018-11-18T18:30:23.888500Z,16,s,0.436,0.002337
7136,2018-11-18T18:30:29.385500Z,16,s,0.684,0.005671
7137,2018-11-18T18:30:30.337000Z,16,s,0.451,0.01361
7138,2018-11-18T18:30:30.338000Z,16,p,0.363,0.01361
7139,2018-11-18T18:30:35.320500Z,15,p,0.513,0.008598
7140,2018-11-18T18:30:43.182500Z,5,s,0.622,0.00272
7141,2018-11-18T18:30:54.847000Z,16,s,0.894,0.006593
7142,2018-11-18T18:32:40.988000Z,22,s,0.301,0.001715
7143,2018-11-18T18:33:00.500500Z,14,s,0.785,0.0158
7144,2018-11-18T18:33:10.492500Z,14,p,0.661,0.009824
7145,2018-11-18T18:33:10.535500Z,14,s,0.712,0.009824
7146,2018-11-18T18:33:18.656500Z,23,s,0.65,0.003139
7147,2018-11-18T18:33:45.873500Z,5,s,0.387,0.002631
7148,2018-11-18T18:34:06.524000Z,5,s,0.69,0.002472
7149,2018-11-18T18:34:08.373500Z,20,s,0.37,0.002608
7150,2018-11-18T18:34:22.200500Z,22,s,0.33,0.004603
7151,2018-11-18T18:34:24.499500Z,24,p,0.331,0.007319
7152,2018-11-18T18:34:24.556500Z,24,s,0.77,0.007319
7153,2018-11-18T18:34:24.565000Z,23,s,0.871,0.004468
7154,2018-11-18T18:34:24.571500Z,22,s,0.718,0.00285
7155,2018-11-18T18:35:04.862000Z,20,s,0.709,0.002211
7156,2018-11-18T18:35:16.262000Z,1,p,0.501,0.002026
7157,2018-11-18T18:35:35.691500Z,15,p,0.915,0.3834
7158,2018-11-18T18:35:53.428000Z,17,p,0.806,0.005451
7159,2018-11-18T18:36:17.577500Z,16,s,0.412,0.008268
7160,2018-11-18T18:36:17.580000Z,17,p,0.715,0.009552
7161,2018-11-18T18:36:17.669500Z,17,s,0.567,0.001827
7162,2018-11-18T18:36:37.992500Z,11,s,0.377,0.003627
7163,2018-11-18T18:36:39.052500Z,1,s,0.702,0.001796
7164,2018-11-18T18:36:42.544500Z,8,s,0.454,0.001915
7165,2018-11-18T18:37:33.776000Z,15,s,0.312,0.02869
7166,2018-11-18T18:37:33.776000Z,15,p,0.388,0.02869
7167,2018-11-18T18:37:41.048500Z,16,s,0.553,0.003206
7168,2018-11-18T18:37:54.152000Z,16,s,0.863,0.00411
7169,2018-11-18T18:37:55.133500Z,23,s,0.622,0.002516
7170,2018-11-18T18:37:58.589500Z,20,s,0.59,0.001969
7171,2018-11-18T18:38:58.133500Z,16,s,0.711,0.001938
7172,2018-11-18T18:39:18.293500Z,22,s,0.443,0.001959
7173,2018-11-18T18:39:44.001500Z,16,s,0.612,0.003027
7174,2018-11-18T18:39:51.336500Z,16,s,0.307,0.001708
7175,2018-11-18T18:39:53.262000Z,16,p,0.915,0.017
7176,2018-11-18T18:39:53.294000Z,16,s,0.914,0.017
7177,2018-11-18T18:40:11.768500Z,20,s,0.414,0.002523
7178,2018-11-18T18:41:15.113500Z,5,s,0.448,0.003006
7179,2018-11-18T18:41:17.141000Z,16,s,0.652,0.003799
7180,2018-11-18T18:41:29.288000Z,14,s,0.773,0.01548
7181,2018-11-18T18:42:23.862500Z,5,p,0.476,0.003544
7182,2018-11-18T18:42:23.921500Z,5,s,0.503,0.003544
7183,2018-11-18T18:42:32.848500Z,10,p,0.545,0.002312
7184,2018-11-18T18:44:03.381500Z,22,s,0.47,0.002817
7185,2018-11-18T18:44:12.580000Z,15,s,0.356,0.008206
7186,2018-11-18T18:44:15.149500Z,19,p,0.348,0.002213
7187,2018-11-18T18:44:25.856500Z,15,s,0.369,0.01704
7188,2018-11-18T18:44:25.858000Z,15,p,0.316,0.01704
7189,2018-11-18T18:44:59.615500Z,21,p,0.318,0.002053
7190,2018-11-18T18:45:43.184500Z,11,s,0.579,0.003559
7191,2018-11-18T18:45:44.975000Z,8,p,0.367,0.002203
7192,2018-11-18T18:45:47.198500Z,20,s,0.609,0.003273
7193,2018-11-18T18:46:08.119000Z,24,p,0.971,0.0447
7194,2018-11-18T18:46:08.126000Z,23,p,0.98,0.09564
7195,2018-11-18T18:46:08.133500Z,22,p,0.98,0.05291
7196,2018-11-18T18:46:08.138500Z,21,p,0.981,0.03601
7197,2018-11-18T18:46:08.144500Z,20,p,0.979,0.03222
7198,2018-11-18T18:46:08.150000Z,19,p,0.978,0.02544
7199,2018-11-18T18:46:08.155500Z,18,p,0.976,0.01682
7200,2018-11-18T18:46:08.162000Z,17,p,0.834,0.02398
7201,2018-11-18T18:46:08.169000Z,16,p,0.888,0.01532
7202,2018-11-18T18:46:08.174000Z,24,s,0.947,0.0447
7203,2018-11-18T18:46:08.176000Z,14,p,0.806,0.00913
7204,2018-11-18T18:46:08.179500Z,15,p,0.83,0.009251
7205,2018-11-18T18:46:08.182000Z,1,p,0.586,0.006082
7206,2018-11-18T18:46:08.184500Z,23,s,0.962,0.09564
7207,2018-11-18T18:46:08.186000Z,13,p,0.93,0.008469
7208,2018-11-18T18:46:08.193500Z,12,p,0.944,0.009172
7209,2018-11-18T18:46:08.194500Z,22,s,0.96,0.05291
7210,2018-11-18T18:46:08.197500Z,11,p,0.86,0.007712
7211,2018-11-18T18:46:08.204500Z,10,p,0.964,0.008237
7212,2018-11-18T18:46:08.204500Z,21,s,0.962,0.03601
7213,2018-11-18T18:46:08.208000Z,9,p,0.883,0.008823
7214,2018-11-18T18:46:08.215000Z,20,s,0.95,0.03222
7215,2018-11-18T18:46:08.216500Z,8,p,0.94,0.008512
7216,2018-11-18T18:46:08.220000Z,7,p,0.758,0.006679
7217,2018-11-18T18:46:08.223500Z,19,s,0.952,0.02544
7218,2018-11-18T18:46:08.228000Z,6,p,0.793,0.004147
7219,2018-11-18T18:46:08.231500Z,5,p,0.641,0.004479
7220,2018-11-18T18:46:08.233000Z,18,s,0.921,0.01682
7221,2018-11-18T18:46:08.239500Z,4,p,0.915,0.005227
7222,2018-11-18T18:46:08.242500Z,17,s,0.863,0.02398
7223,2018-11-18T18:46:08.251500Z,2,p,0.692,0.006559
7224,2018-11-18T18:46:08.254500Z,16,s,0.934,0.01532
7225,2018-11-18T18:46:08.260500Z,15,s,0.702,0.009251
7226,2018-11-18T18:46:08.274500Z,14,s,0.898,0.00913
7227,2018-11-18T18:46:08.285000Z,13,s,0.904,0.008469
7228,2018-11-18T18:46:08.294500Z,12,s,0.947,0.009172
7229,2018-11-18T18:46:08.304000Z,11,s,0.929,0.007712
7230,2018-11-18T18:46:08.315000Z,10,s,0.937,0.008237
7231,2018-11-18T18:46:08.324000Z,9,s,0.915,0.008823
7232,2018-11-18T18:46:08.334500Z,8,s,0.932,0.008512
7233,2018-11-18T18:46:08.343000Z,7,s,0.901,0.006679
7234,2018-11-18T18:46:08.353500Z,6,s,0.925,0.004147
7235,2018-11-18T18:46:08.362000Z,5,s,0.887,0.004479
7236,2018-11-18T18:46:08.372500Z,4,s,0.884,0.005227
7237,2018-11-18T18:46:08.384000Z,3,s,0.941,0.005134
7238,2018-11-18T18:46:08.394000Z,2,s,0.892,0.006559
7239,2018-11-18T18:46:08.403000Z,1,s,0.891,0.006082
7240,2018-11-18T18:47:18.295500Z,22,p,0.395,0.003567
7241,2018-11-18T18:47:18.382500Z,22,s,0.512,0.003567
7242,2018-11-18T18:47:23.354500Z,20,p,0.363,0.001975
7243,2018-11-18T18:47:32.124000Z,22,s,0.793,0.004976
7244,2018-11-18T18:48:33.211500Z,16,s,0.713,0.07207
7245,2018-11-18T18:48:38.506500Z,15,s,0.605,0.0238
7246,2018-11-18T18:48:38.511000Z,15,p,0.327,0.0238
7247,2018-11-18T18:49:36.576500Z,18,s,0.382,0.002199
7248,2018-11-18T18:49:40.930000Z,20,p,0.305,0.001769
7249,2018-11-18T18:49:41.268500Z,20,s,0.405,0.001757
7250,2018-11-18T18:50:12.026500Z,20,s,0.709,0.002639
7251,2018-11-18T18:51:18.864500Z,5,s,0.697,0.002464
7252,2018-11-18T18:51:53.586500Z,5,p,0.385,0.003415
7253,2018-11-18T18:51:53.697000Z,5,s,0.858,0.003415
7254,2018-11-18T18:53:04.086000Z,1,p,0.423,0.002128
7255,2018-11-18T18:53:11.941500Z,24,s,0.39,0.005122
7256,2018-11-18T18:54:01.054000Z,8,s,0.468,0.002999
7257,2018-11-18T18:54:11.148000Z,12,s,0.505,0.01337
7258,2018-11-18T18:54:11.151000Z,12,p,0.398,0.01337
7259,2018-11-18T18:54:11.153000Z,11,p,0.661,0.005842
7260,2018-11-18T18:54:11.155000Z,11,s,0.311,0.005842
7261,2018-11-18T18:55:31.772500Z,23,p,0.424,0.003908
7262,2018-11-18T18:55:31.885500Z,23,s,0.611,0.003908
7263,2018-11-18T18:55:36.994000Z,20,s,0.841,0.002683
7264,2018-11-18T18:57:02.879500Z,16,s,0.569,0.004067
7265,2018-11-18T18:57:03.180000Z,15,p,0.581,0.007345
7266,2018-11-18T18:57:31.926000Z,20,s,0.518,0.001847
7267,2018-11-18T18:58:07.570500Z,18,p,0.332,0.002686
7268,2018-11-18T18:58:07.784500Z,18,s,0.793,0.002686
7269,2018-11-18T18:58:18.708000Z,4,s,0.723,0.005887
7270,2018-11-18T18:58:31.551000Z,15,p,0.332,0.007666
7271,2018-11-18T18:58:31.906000Z,22,s,0.498,0.004736
7272,2018-11-18T18:59:20.656000Z,16,p,0.684,0.007546
7273,2018-11-18T18:59:20.658000Z,16,s,0.301,0.007546
7274,2018-11-18T18:59:21.888500Z,24,s,0.31,0.003896
7275,2018-11-18T19:00:19.808500Z,20,s,0.711,0.002644
7276,2018-11-18T19:00:33.030500Z,23,p,0.681,0.002718
7277,2018-11-18T19:00:33.101500Z,23,s,0.511,0.002718
7278,2018-11-18T19:00:48.507000Z,3,s,0.36,0.003855
7279,2018-11-18T19:00:56.528500Z,10,s,0.684,0.002102
7280,2018-11-18T19:01:19.392500Z,5,p,0.454,0.00261
7281,2018-11-18T19:01:19.478500Z,5,s,0.69,0.00261
7282,2018-11-18T19:01:26.045500Z,1,s,0.509,0.002798
7283,2018-11-18T19:01:47.421000Z,5,s,0.889,0.003847
7284,2018-11-18T19:02:03.182000Z,11,s,0.553,0.004953
7285,2018-11-18T19:02:54.846000Z,22,s,0.393,0.003502
7286,2018-11-18T19:03:20.668000Z,15,p,0.513,0.009243
7287,2018-11-18T19:04:01.275500Z,14,p,0.917,0.4859
7288,2018-11-18T19:05:04.289000Z,14,s,0.886,0.008829
7289,2018-11-18T19:05:13.045500Z,8,s,0.461,0.003432
7290,2018-11-18T19:05:26.829500Z,24,s,0.539,0.00381
7291,2018-11-18T19:05:32.997500Z,3,s,0.395,0.002587
7292,2018-11-18T19:05:33.668000Z,20,p,0.393,0.00259
7293,2018-11-18T19:05:33.864000Z,20,s,0.861,0.00259
7294,2018-11-18T19:05:36.304000Z,16,s,0.91,0.005104
7295,2018-11-18T19:05:56.036000Z,23,s,0.592,0.002046
7296,2018-11-18T19:07:15.351500Z,24,p,0.978,1.206
7297,2018-11-18T19:07:15.356000Z,23,p,0.976,0.731
7298,2018-11-18T19:07:15.361000Z,22,p,0.97,0.4562
7299,2018-11-18T19:07:15.366000Z,21,p,0.978,0.3048
7300,2018-11-18T19:07:15.372000Z,20,p,0.984,0.2422
7301,2018-11-18T19:07:15.377000Z,19,p,0.982,0.2556
7302,2018-11-18T19:07:15.382000Z,18,p,0.981,0.1588
7303,2018-11-18T19:07:15.388000Z,17,p,0.981,0.2492
7304,2018-11-18T19:07:15.393500Z,16,p,0.983,0.1443
7305,2018-11-18T19:07:15.398000Z,15,p,0.979,0.06867
7306,2018-11-18T19:07:15.401000Z,24,s,0.967,1.206
7307,2018-11-18T19:07:15.404000Z,14,p,0.981,0.07704
7308,2018-11-18T19:07:15.409500Z,23,s,0.966,0.731
7309,2018-11-18T19:07:15.411000Z,13,p,0.982,0.07692
7310,2018-11-18T19:07:15.416000Z,12,p,0.981,0.06216
7311,2018-11-18T19:07:15.417500Z,22,s,0.969,0.4562
7312,2018-11-18T19:07:15.420500Z,11,p,0.978,0.05715
7313,2018-11-18T19:07:15.425500Z,21,s,0.972,0.3048
7314,2018-11-18T19:07:15.426000Z,10,p,0.983,0.04552
7315,2018-11-18T19:07:15.431500Z,9,p,0.983,0.04217
7316,2018-11-18T19:07:15.435000Z,20,s,0.961,0.2422
7317,2018-11-18T19:07:15.437000Z,8,p,0.975,0.0329
7318,2018-11-18T19:07:15.442000Z,7,p,0.971,0.03494
7319,2018-11-18T19:07:15.443500Z,19,s,0.969,0.2556
7320,2018-11-18T19:07:15.447500Z,6,p,0.971,0.02407
7321,2018-11-18T19:07:15.454000Z,5,p,0.973,0.02847
7322,2018-11-18T19:07:15.454500Z,18,s,0.959,0.1588
7323,2018-11-18T19:07:15.459000Z,4,p,0.971,0.03421
7324,2018-11-18T19:07:15.462500Z,17,s,0.96,0.2492
7325,2018-11-18T19:07:15.465000Z,3,p,0.975,0.02785
7326,2018-11-18T19:07:15.472000Z,2,p,0.978,0.0286
7327,2018-11-18T19:07:15.472500Z,16,s,0.877,0.1443
7328,2018-11-18T19:07:15.477000Z,1,p,0.981,0.01572
7329,2018-11-18T19:07:15.482500Z,15,s,0.947,0.06867
7330,2018-11-18T19:07:15.492500Z,14,s,0.954,0.07704
7331,2018-11-18T19:07:15.501000Z,13,s,0.891,0.07692
7332,2018-11-18T19:07:15.511000Z,12,s,0.948,0.06216
7333,2018-11-18T19:07:15.519000Z,11,s,0.861,0.05715
7334,2018-11-18T19:07:15.530000Z,10,s,0.802,0.04552
7335,2018-11-18T19:07:15.540500Z,9,s,0.893,0.04217
7336,2018-11-18T19:07:15.547000Z,8,s,0.84,0.0329
7337,2018-11-18T19:07:15.556500Z,7,s,0.914,0.03494
7338,2018-11-18T19:07:15.572500Z,6,s,0.635,0.02407
7339,2018-11-18T19:07:15.576000Z,5,s,0.787,0.02093
7340,2018-11-18T19:07:15.578000Z,4,s,0.612,0.03421
7341,2018-11-18T19:07:15.602000Z,3,s,0.772,0.02785
7342,2018-11-18T19:07:15.608500Z,2,s,0.789,0.0148
7343,2018-11-18T19:07:15.630500Z,1,s,0.648,0.01376
7344,2018-11-18T19:07:58.109500Z,22,s,0.424,0.004904
7345,2018-11-18T19:08:03.507500Z,20,s,0.316,0.001697
7346,2018-11-18T19:08:41.570000Z,8,p,0.385,0.003093
7347,2018-11-18T19:08:47.048500Z,5,p,0.689,0.003383
7348,2018-11-18T19:08:47.206000Z,5,s,0.861,0.003383
7349,2018-11-18T19:09:05.909500Z,1,s,0.508,0.001805
7350,2018-11-18T19:10:55.056000Z,11,p,0.355,0.004064
7351,2018-11-18T19:10:55.149500Z,11,s,0.728,0.004064
7352,2018-11-18T19:11:49.234500Z,1,s,0.607,0.002684
7353,2018-11-18T19:12:02.734500Z,22,s,0.528,0.002041
7354,2018-11-18T19:12:25.679000Z,8,s,0.396,0.01264
7355,2018-11-18T19:12:25.681500Z,8,p,0.601,0.01264
7356,2018-11-18T19:12:25.682000Z,7,p,0.869,0.007962
7357,2018-11-18T19:12:27.645500Z,8,p,0.477,0.004013
7358,2018-11-18T19:12:27.767000Z,8,s,0.835,0.004013
7359,2018-11-18T19:12:37.353000Z,5,s,0.808,0.002782
7360,2018-11-18T19:12:39.332000Z,8,p,0.378,0.02071
7361,2018-11-18T19:12:39.334500Z,7,p,0.526,0.01294
7362,2018-11-18T19:12:39.335000Z,8,s,0.553,0.02071
7363,2018-11-18T19:12:39.338500Z,7,s,0.475,0.01294
7364,2018-11-18T19:12:42.945500Z,8,s,0.398,0.002738
7365,2018-11-18T19:12:50.332500Z,8,p,0.328,0.01654
7366,2018-11-18T19:12:50.335000Z,8,s,0.6,0.01654
7367,2018-11-18T19:12:50.336000Z,7,p,0.843,0.01158
7368,2018-11-18T19:12:50.377000Z,8,s,0.394,0.008951
7369,2018-11-18T19:13:03.497500Z,8,p,0.942,0.01015
7370,2018-11-18T19:13:03.500000Z,7,p,0.606,0.005961
7371,2018-11-18T19:13:03.531500Z,8,s,0.601,0.00667
7372,2018-11-18T19:13:03.912000Z,8,p,0.917,0.004374
7373,2018-11-18T19:13:03.954000Z,8,s,0.751,0.004085
7374,2018-11-18T19:13:04.601000Z,8,p,0.969,0.004027
7375,2018-11-18T19:13:04.707500Z,8,s,0.61,0.004027
7376,2018-11-18T19:13:05.205000Z,8,s,0.446,0.004169
7377,2018-11-18T19:13:05.205500Z,8,p,0.336,0.004169
7378,2018-11-18T19:13:06.186000Z,8,p,0.351,0.004532
7379,2018-11-18T19:13:10.081000Z,8,s,0.92,0.007949
7380,2018-11-18T19:13:12.823500Z,8,s,0.518,0.01033
7381,2018-11-18T19:13:12.825500Z,8,p,0.432,0.01033
7382,2018-11-18T19:13:12.825500Z,7,p,0.712,0.00676
7383,2018-11-18T19:13:14.521000Z,20,s,0.875,0.00394
7384,2018-11-18T19:13:14.904500Z,8,p,0.523,0.002691
7385,2018-11-18T19:13:16.418500Z,16,s,0.405,0.005633
7386,2018-11-18T19:13:16.422000Z,16,p,0.307,0.005633
7387,2018-11-18T19:13:23.789500Z,15,s,0.343,0.009355
7388,2018-11-18T19:13:32.046000Z,8,p,0.712,0.002954
7389,2018-11-18T19:13:32.134500Z,8,s,0.76,0.002954
7390,2018-11-18T19:13:34.048500Z,3,s,0.302,0.002597
7391,2018-11-18T19:13:36.535500Z,20,s,0.376,0.002225
7392,2018-11-18T19:15:03.348500Z,8,p,0.382,0.002613
7393,2018-11-18T19:15:13.733500Z,18,s,0.418,0.002478
7394,2018-11-18T19:15:35.178500Z,5,s,0.65,0.003346
7395,2018-11-18T19:16:15.061500Z,4,p,0.405,0.002174
7396,2018-11-18T19:17:32.001500Z,17,s,0.749,0.003938
7397,2018-11-18T19:17:41.320500Z,20,s,0.578,0.002251
7398,2018-11-18T19:18:03.585500Z,11,p,0.334,0.02398
7399,2018-11-18T19:18:03.783500Z,10,p,0.338,0.01545
7400,2018-11-18T19:18:03.809000Z,10,s,0.9,0.01545
7401,2018-11-18T19:18:03.809000Z,11,s,0.866,0.02398
7402,2018-11-18T19:18:04.900000Z,11,p,0.3,0.003898
7403,2018-11-18T19:18:28.802000Z,11,p,0.34,0.003318
7404,2018-11-18T19:19:37.344000Z,11,s,0.864,0.004788
7405,2018-11-18T19:19:59.901500Z,22,s,0.499,0.004746
7406,2018-11-18T19:20:19.722500Z,20,s,0.525,0.001667
7407,2018-11-18T19:20:35.034000Z,20,p,0.339,0.001509
7408,2018-11-18T19:20:35.173500Z,20,p,0.51,0.002217
7409,2018-11-18T19:20:35.294500Z,20,s,0.776,0.002217
7410,2018-11-18T19:20:49.388000Z,2,s,0.649,0.003053
7411,2018-11-18T19:21:23.215500Z,5,p,0.366,0.002609
7412,2018-11-18T19:21:23.331000Z,5,s,0.754,0.002609
7413,2018-11-18T19:21:26.987500Z,20,s,0.398,0.002226
7414,2018-11-18T19:21:31.192500Z,3,s,0.307,0.002828
7415,2018-11-18T19:21:46.617500Z,16,s,0.525,0.001553
7416,2018-11-18T19:22:35.173500Z,22,p,0.604,0.002803
7417,2018-11-18T19:22:35.284000Z,22,s,0.783,0.002803
7418,2018-11-18T19:22:37.727500Z,23,s,0.462,0.002973
7419,2018-11-18T19:22:48.012000Z,20,p,0.376,0.001829
7420,2018-11-18T19:22:48.183000Z,20,s,0.534,0.001829
7421,2018-11-18T19:22:56.704500Z,24,s,0.333,0.00452
7422,2018-11-18T19:23:55.297000Z,5,s,0.848,0.003558
7423,2018-11-18T19:24:15.197500Z,16,s,0.486,0.003942
7424,2018-11-18T19:24:36.093500Z,19,s,0.797,0.003194
7425,2018-11-18T19:24:42.499500Z,19,s,0.69,0.001717
7426,2018-11-18T19:24:43.030000Z,19,s,0.454,0.003273
7427,2018-11-18T19:24:50.572000Z,18,s,0.66,0.003716
7428,2018-11-18T19:25:24.301500Z,8,s,0.685,0.002853
7429,2018-11-18T19:25:44.145000Z,5,s,0.843,0.003434
7430,2018-11-18T19:25:50.991500Z,20,s,0.345,0.001842
7431,2018-11-18T19:26:07.053500Z,20,s,0.64,0.003182
7432,2018-11-18T19:27:39.965500Z,23,s,0.422,0.00308
7433,2018-11-18T19:28:08.556500Z,20,s,0.697,0.002041
7434,2018-11-18T19:28:44.836000Z,24,s,0.518,0.005075
7435,2018-11-18T19:28:45.136500Z,11,s,0.344,0.003239
7436,2018-11-18T19:29:19.813500Z,20,p,0.414,0.001747
7437,2018-11-18T19:29:20.229500Z,20,s,0.435,0.001747
7438,2018-11-18T19:29:31.291000Z,20,s,0.543,0.003134
7439,2018-11-18T19:30:31.445500Z,20,p,0.368,0.002816
7440,2018-11-18T19:30:31.823000Z,20,s,0.741,0.002816
7441,2018-11-18T19:30:32.768500Z,22,s,0.326,0.002968
7442,2018-11-18T19:31:07.775500Z,3,s,0.511,0.003079
7443,2018-11-18T19:31:19.434000Z,5,s,0.333,0.002208
7444,2018-11-18T19:31:45.863500Z,20,p,0.863,0.002179
7445,2018-11-18T19:31:46.090500Z,20,s,0.541,0.002179
7446,2018-11-18T19:31:52.645500Z,5,p,0.306,0.003283
7447,2018-11-18T19:31:52.773000Z,5,s,0.874,0.003283
7448,2018-11-18T19:32:45.637500Z,23,s,0.626,0.00232
7449,2018-11-18T19:32:53.805500Z,20,s,0.55,0.001833
7450,2018-11-18T19:33:06.880000Z,14,s,0.604,0.02077
7451,2018-11-18T19:33:30.328000Z,23,p,0.638,0.008984
7452,2018-11-18T19:33:30.433000Z,23,s,0.846,0.008984
7453,2018-11-18T19:35:22.277500Z,22,p,0.493,0.002483
7454,2018-11-18T19:36:17.573500Z,11,p,0.324,0.003884
7455,2018-11-18T19:36:17.580500Z,11,s,0.37,0.003884
7456,2018-11-18T19:37:18.985500Z,7,s,0.502,0.003679
7457,2018-11-18T19:38:42.066500Z,23,p,0.37,0.001795
7458,2018-11-18T19:38:49.464500Z,4,s,0.638,0.005898
7459,2018-11-18T19:39:21.053500Z,20,p,0.387,0.002264
7460,2018-11-18T19:39:21.161500Z,20,s,0.552,0.002264
7461,2018-11-18T19:39:24.264500Z,8,s,0.36,0.002504
7462,2018-11-18T19:39:29.121500Z,23,s,0.314,0.002197
7463,2018-11-18T19:39:52.122500Z,5,p,0.56,0.003492
7464,2018-11-18T19:39:52.215000Z,5,s,0.819,0.003492
7465,2018-11-18T19:40:12.236500Z,24,s,0.318,0.004991
7466,2018-11-18T19:40:44.461500Z,5,s,0.447,0.002818
7467,2018-11-18T19:40:47.670000Z,20,s,0.726,0.002329
7468,2018-11-18T19:42:04.701500Z,23,s,0.679,0.00291
7469,2018-11-18T19:42:06.553500Z,16,s,0.335,0.002882
7470,2018-11-18T19:44:02.496500Z,22,s,0.365,0.005557
7471,2018-11-18T19:44:07.457500Z,11,s,0.667,0.003792
7472,2018-11-18T19:44:43.092500Z,22,s,0.453,0.002844
7473,2018-11-18T19:46:21.256500Z,14,s,0.599,0.05847
7474,2018-11-18T19:46:21.258000Z,14,p,0.418,0.05847
7475,2018-11-18T19:46:43.046000Z,16,s,0.37,0.003117
7476,2018-11-18T19:46:54.581500Z,24,s,0.337,0.004895
7477,2018-11-18T19:48:28.681500Z,5,p,0.696,0.003943
7478,2018-11-18T19:48:28.781000Z,5,s,0.736,0.003943
7479,2018-11-18T19:49:18.537500Z,23,s,0.403,0.002321
7480,2018-11-18T19:49:26.882500Z,15,p,0.822,0.05772
7481,2018-11-18T19:50:33.410500Z,5,s,0.705,0.002336
7482,2018-11-18T19:50:58.973500Z,15,s,0.543,0.009949
7483,2018-11-18T19:51:42.421500Z,22,p,0.302,0.002161
7484,2018-11-18T19:51:42.879500Z,22,p,0.381,0.00281
7485,2018-11-18T19:51:54.749500Z,24,s,0.53,0.005696
7486,2018-11-18T19:52:06.063500Z,24,s,0.425,0.004341
7487,2018-11-18T19:52:43.827500Z,11,s,0.476,0.003974
7488,2018-11-18T19:53:07.938500Z,20,p,0.694,0.001839
7489,2018-11-18T19:53:08.223500Z,20,s,0.4,0.001839
7490,2018-11-18T19:53:21.586500Z,13,s,0.429,0.002645
7491,2018-11-18T19:53:38.744000Z,13,s,0.746,0.002453
7492,2018-11-18T19:53:39.903500Z,16,s,0.667,0.005947
7493,2018-11-18T19:53:40.940000Z,13,s,0.813,0.005611
7494,2018-11-18T19:53:40.960500Z,12,s,0.568,0.005038
7495,2018-11-18T19:53:40.982000Z,11,s,0.372,0.002213
7496,2018-11-18T19:55:28.534500Z,5,p,0.365,0.004035
7497,2018-11-18T19:55:28.661000Z,5,s,0.848,0.004035
7498,2018-11-18T19:55:41.534000Z,20,s,0.806,0.002568
7499,2018-11-18T19:56:48.833000Z,15,p,0.979,0.07108
7500,2018-11-18T19:56:48.889500Z,15,s,0.968,0.07108
7501,2018-11-18T19:57:42.294000Z,5,p,0.867,0.002549
7502,2018-11-18T19:57:42.409000Z,5,s,0.849,0.002549
7503,2018-11-18T19:57:49.816500Z,15,p,0.343,0.01072
7504,2018-11-18T19:57:55.981500Z,22,s,0.603,0.005099
7505,2018-11-18T19:58:13.749500Z,20,p,0.542,0.001666
7506,2018-11-18T19:59:16.970500Z,10,s,0.435,0.001714
7507,2018-11-18T19:59:31.153500Z,20,p,0.329,0.002159
7508,2018-11-18T20:00:03.970000Z,22,p,0.65,0.002366
7509,2018-11-18T20:00:13.412000Z,23,s,0.66,0.002392
7510,2018-11-18T20:00:42.357500Z,1,s,0.598,0.001744
7511,2018-11-18T20:00:46.150500Z,18,s,0.373,0.002338
7512,2018-11-18T20:00:49.290000Z,11,s,0.596,0.00369
7513,2018-11-18T20:00:53.852000Z,5,s,0.837,0.003796
7514,2018-11-18T20:00:55.390000Z,5,s,0.829,0.003351
7515,2018-11-18T20:01:00.796500Z,20,p,0.459,0.002601
7516,2018-11-18T20:01:00.920500Z,20,s,0.721,0.002601
7517,2018-11-18T20:01:06.616500Z,23,s,0.498,0.002272
7518,2018-11-18T20:02:33.448000Z,20,s,0.633,0.002395
7519,2018-11-18T20:03:37.958500Z,24,p,0.594,0.005049
7520,2018-11-18T20:03:38.102000Z,24,s,0.73,0.005049
7521,2018-11-18T20:03:54.764000Z,19,s,0.43,0.003513
7522,2018-11-18T20:03:56.271500Z,20,s,0.364,0.002144
7523,2018-11-18T20:04:32.356500Z,17,p,0.47,0.001717
7524,2018-11-18T20:05:34.210500Z,4,p,0.392,0.002738
7525,2018-11-18T20:05:34.229500Z,8,p,0.358,0.002182
7526,2018-11-18T20:05:46.525000Z,5,s,0.772,0.002856
7527,2018-11-18T20:05:56.935500Z,20,s,0.511,0.002416
7528,2018-11-18T20:06:08.551500Z,15,p,0.308,0.0017
7529,2018-11-18T20:06:19.148000Z,22,s,0.486,0.003589
7530,2018-11-18T20:06:27.580500Z,15,s,0.501,0.006088
7531,2018-11-18T20:07:09.013500Z,1,s,0.366,0.001634
7532,2018-11-18T20:07:22.444000Z,24,p,0.962,0.01802
7533,2018-11-18T20:07:22.449500Z,23,p,0.97,0.03005
7534,2018-11-18T20:07:22.456000Z,22,p,0.963,0.03157
7535,2018-11-18T20:07:22.463500Z,21,p,0.957,0.02201
7536,2018-11-18T20:07:22.468000Z,20,p,0.971,0.01008
7537,2018-11-18T20:07:22.473500Z,19,p,0.974,0.006924
7538,2018-11-18T20:07:22.479500Z,18,p,0.964,0.006869
7539,2018-11-18T20:07:22.484500Z,24,s,0.952,0.01802
7540,2018-11-18T20:07:22.486000Z,17,p,0.963,0.004962
7541,2018-11-18T20:07:22.491500Z,16,p,0.843,0.006505
7542,2018-11-18T20:07:22.494000Z,15,p,0.785,0.004552
7543,2018-11-18T20:07:22.495000Z,23,s,0.966,0.03005
7544,2018-11-18T20:07:22.502000Z,14,p,0.687,0.002463
7545,2018-11-18T20:07:22.504000Z,22,s,0.936,0.03157
7546,2018-11-18T20:07:22.511000Z,13,p,0.975,0.003172
7547,2018-11-18T20:07:22.515000Z,21,s,0.957,0.02201
7548,2018-11-18T20:07:22.517500Z,12,p,0.884,0.002513
7549,2018-11-18T20:07:22.518500Z,11,p,0.426,0.002397
7550,2018-11-18T20:07:22.525500Z,10,p,0.489,0.001937
7551,2018-11-18T20:07:22.525500Z,20,s,0.961,0.01008
7552,2018-11-18T20:07:22.527500Z,9,p,0.357,0.001873
7553,2018-11-18T20:07:22.533500Z,8,p,0.431,0.001841
7554,2018-11-18T20:07:22.534500Z,19,s,0.95,0.006924
7555,2018-11-18T20:07:22.541500Z,7,p,0.453,0.001999
7556,2018-11-18T20:07:22.546000Z,18,s,0.882,0.006869
7557,2018-11-18T20:07:22.554500Z,17,s,0.93,0.004962
7558,2018-11-18T20:07:22.567000Z,16,s,0.826,0.006505
7559,2018-11-18T20:07:22.576000Z,15,s,0.844,0.004552
7560,2018-11-18T20:07:22.584000Z,14,s,0.824,0.002463
7561,2018-11-18T20:07:22.597000Z,13,s,0.888,0.003172
7562,2018-11-18T20:07:22.606000Z,12,s,0.8,0.002151
7563,2018-11-18T20:07:22.616000Z,11,s,0.893,0.002397
7564,2018-11-18T20:07:22.625000Z,10,s,0.753,0.001937
7565,2018-11-18T20:07:22.636000Z,9,s,0.527,0.001873
7566,2018-11-18T20:07:22.650500Z,8,s,0.674,0.001841
7567,2018-11-18T20:07:22.655000Z,7,s,0.758,0.001999
7568,2018-11-18T20:07:22.693500Z,3,s,0.487,0.001802
7569,2018-11-18T20:07:22.986000Z,13,p,0.302,0.001792
7570,2018-11-18T20:08:42.824000Z,10,p,0.309,0.002707
7571,2018-11-18T20:08:42.932000Z,10,s,0.441,0.002707
7572,2018-11-18T20:08:47.966500Z,22,p,0.526,0.004851
7573,2018-11-18T20:08:48.061500Z,22,s,0.733,0.004851
7574,2018-11-18T20:08:50.810000Z,19,s,0.449,0.001658
7575,2018-11-18T20:09:04.654500Z,11,p,0.442,0.003163
7576,2018-11-18T20:09:04.747500Z,11,s,0.752,0.003163
7577,2018-11-18T20:09:13.708500Z,24,s,0.304,0.006127
7578,2018-11-18T20:09:14.753500Z,22,s,0.505,0.002138
7579,2018-11-18T20:09:23.087500Z,20,s,0.366,0.0019
7580,2018-11-18T20:09:48.123500Z,22,s,0.329,0.002337
7581,2018-11-18T20:11:08.949500Z,5,s,0.555,0.002735
7582,2018-11-18T20:11:24.043000Z,5,s,0.837,0.002351
7583,2018-11-18T20:11:34.548000Z,20,s,0.519,0.001727
7584,2018-11-18T20:12:17.768500Z,16,s,0.376,0.003605
7585,2018-11-18T20:12:47.480500Z,21,s,0.348,0.004216
7586,2018-11-18T20:12:47.485500Z,22,s,0.465,0.004193
7587,2018-11-18T20:13:00.925500Z,23,s,0.35,0.002028
7588,2018-11-18T20:14:55.119000Z,1,s,0.83,0.002041
7589,2018-11-18T20:14:57.793500Z,6,s,0.348,0.003477
7590,2018-11-18T20:14:59.678500Z,24,p,0.42,0.004627
7591,2018-11-18T20:14:59.811500Z,24,s,0.715,0.004627
7592,2018-11-18T20:15:30.245500Z,19,s,0.331,0.003952
7593,2018-11-18T20:15:39.333500Z,1,s,0.514,0.001771
7594,2018-11-18T20:16:20.388000Z,1,s,0.557,0.001687
7595,2018-11-18T20:16:33.434500Z,20,s,0.33,0.002946
7596,2018-11-18T20:16:37.889000Z,12,p,0.955,0.00796
7597,2018-11-18T20:16:43.960500Z,11,s,0.318,0.004206
7598,2018-11-18T20:16:45.616500Z,8,s,0.394,0.002797
7599,2018-11-18T20:16:59.141500Z,5,s,0.532,0.002886
7600,2018-11-18T20:17:21.720500Z,22,s,0.498,0.002556
7601,2018-11-18T20:17:24.448000Z,20,s,0.697,0.00216
7602,2018-11-18T20:17:27.046000Z,19,s,0.59,0.003824
7603,2018-11-18T20:18:28.526000Z,20,p,0.773,0.001546
7604,2018-11-18T20:18:28.810500Z,20,s,0.469,0.001546
7605,2018-11-18T20:18:42.919500Z,1,s,0.475,0.002497
7606,2018-11-18T20:19:32.879500Z,4,p,0.465,0.006365
7607,2018-11-18T20:19:32.973500Z,4,s,0.807,0.006365
7608,2018-11-18T20:19:54.404500Z,22,s,0.304,0.004812
7609,2018-11-18T20:20:49.420000Z,24,s,0.339,0.006131
7610,2018-11-18T20:20:57.925500Z,20,p,0.415,0.002282
7611,2018-11-18T20:20:58.114000Z,20,s,0.751,0.002282
7612,2018-11-18T20:20:58.193000Z,5,s,0.819,0.002352
7613,2018-11-18T20:21:21.170500Z,20,p,0.38,0.0018
7614,2018-11-18T20:23:01.160500Z,5,p,0.428,0.002999
7615,2018-11-18T20:23:01.276000Z,5,s,0.727,0.002999
7616,2018-11-18T20:23:09.229500Z,5,s,0.394,0.001568
7617,2018-11-18T20:24:28.322500Z,16,p,0.925,0.1155
7618,2018-11-18T20:24:32.642000Z,11,s,0.754,0.003845
7619,2018-11-18T20:24:46.836000Z,5,p,0.496,0.001721
7620,2018-11-18T20:24:46.897500Z,8,s,0.334,0.001519
7621,2018-11-18T20:24:46.984000Z,12,s,0.317,0.001681
7622,2018-11-18T20:25:12.115000Z,16,s,0.685,0.04224
7623,2018-11-18T20:26:15.526500Z,20,p,0.613,0.00297
7624,2018-11-18T20:26:15.758500Z,20,s,0.728,0.00297
7625,2018-11-18T20:26:26.240000Z,20,p,0.665,0.002406
7626,2018-11-18T20:26:26.448500Z,20,s,0.753,0.002406
7627,2018-11-18T20:26:29.284500Z,15,s,0.31,0.0051
7628,2018-11-18T20:26:37.484500Z,24,s,0.303,0.00577
7629,2018-11-18T20:27:14.005500Z,15,s,0.354,0.0209
7630,2018-11-18T20:27:14.007500Z,15,p,0.577,0.0209
7631,2018-11-18T20:27:39.959500Z,23,s,0.466,0.002155
7632,2018-11-18T20:28:04.826000Z,19,s,0.342,0.003656
7633,2018-11-18T20:28:26.416500Z,23,s,0.523,0.002036
7634,2018-11-18T20:29:17.805500Z,16,s,0.854,0.005925
7635,2018-11-18T20:30:42.496500Z,5,s,0.669,0.00296
7636,2018-11-18T20:30:53.998500Z,5,s,0.748,0.00298
7637,2018-11-18T20:31:09.856500Z,23,s,0.552,0.002052
7638,2018-11-18T20:31:11.598000Z,2,s,0.424,0.002859
7639,2018-11-18T20:31:16.681000Z,20,s,0.763,0.00329
7640,2018-11-18T20:31:56.544000Z,24,p,0.982,0.6526
7641,2018-11-18T20:31:56.548000Z,23,p,0.978,0.5238
7642,2018-11-18T20:31:56.553500Z,22,p,0.981,0.4518
7643,2018-11-18T20:31:56.558000Z,21,p,0.982,0.5523
7644,2018-11-18T20:31:56.563500Z,20,p,0.98,0.3726
7645,2018-11-18T20:31:56.568000Z,19,p,0.985,0.2343
7646,2018-11-18T20:31:56.572500Z,18,p,0.978,0.2582
7647,2018-11-18T20:31:56.577500Z,17,p,0.975,0.1867
7648,2018-11-18T20:31:56.583000Z,16,p,0.978,0.1769
7649,2018-11-18T20:31:56.587500Z,15,p,0.975,0.1962
7650,2018-11-18T20:31:56.592000Z,14,p,0.97,0.1616
7651,2018-11-18T20:31:56.598500Z,13,p,0.98,0.157
7652,2018-11-18T20:31:56.603500Z,12,p,0.979,0.09224
7653,2018-11-18T20:31:56.607000Z,11,p,0.976,0.1235
7654,2018-11-18T20:31:56.611000Z,10,p,0.964,0.2036
7655,2018-11-18T20:31:56.617000Z,9,p,0.958,0.1972
7656,2018-11-18T20:31:56.624000Z,8,p,0.965,0.2762
7657,2018-11-18T20:31:56.628500Z,24,s,0.961,0.6526
7658,2018-11-18T20:31:56.629000Z,7,p,0.966,0.2251
7659,2018-11-18T20:31:56.634000Z,6,p,0.976,0.2019
7660,2018-11-18T20:31:56.635500Z,23,s,0.964,0.5238
7661,2018-11-18T20:31:56.639000Z,5,p,0.975,0.1033
7662,2018-11-18T20:31:56.643500Z,22,s,0.963,0.4518
7663,2018-11-18T20:31:56.644000Z,4,p,0.973,0.171
7664,2018-11-18T20:31:56.649000Z,3,p,0.974,0.1465
7665,2018-11-18T20:31:56.651000Z,21,s,0.967,0.5523
7666,2018-11-18T20:31:56.654500Z,2,p,0.976,0.1783
7667,2018-11-18T20:31:56.659000Z,20,s,0.947,0.3726
7668,2018-11-18T20:31:56.659000Z,1,p,0.979,0.1064
7669,2018-11-18T20:31:56.667000Z,19,s,0.954,0.2343
7670,2018-11-18T20:31:56.676500Z,18,s,0.951,0.2582
7671,2018-11-18T20:31:56.682500Z,17,s,0.773,0.1867
7672,2018-11-18T20:31:56.694500Z,16,s,0.89,0.1769
7673,2018-11-18T20:31:56.703000Z,15,s,0.923,0.1962
7674,2018-11-18T20:31:56.712500Z,14,s,0.909,0.1616
7675,2018-11-18T20:31:56.721000Z,13,s,0.956,0.157
7676,2018-11-18T20:31:56.729500Z,12,s,0.963,0.09224
7677,2018-11-18T20:31:56.736000Z,11,s,0.902,0.1235
7678,2018-11-18T20:31:56.746500Z,10,s,0.89,0.2036
7679,2018-11-18T20:31:56.753500Z,9,s,0.862,0.1972
7680,2018-11-18T20:31:56.763000Z,8,s,0.914,0.2762
7681,2018-11-18T20:31:56.771000Z,7,s,0.941,0.2251
7682,2018-11-18T20:31:56.780000Z,6,s,0.942,0.2019
7683,2018-11-18T20:31:56.787000Z,5,s,0.946,0.1033
7684,2018-11-18T20:31:56.796500Z,4,s,0.952,0.171
7685,2018-11-18T20:31:56.805500Z,3,s,0.943,0.1465
7686,2018-11-18T20:31:56.814500Z,2,s,0.949,0.1783
7687,2018-11-18T20:31:56.821500Z,1,s,0.911,0.1064
7688,2018-11-18T20:32:02.747500Z,20,s,0.351,0.001756
7689,2018-11-18T20:32:21.902500Z,24,s,0.33,0.006282
7690,2018-11-18T20:33:13.160500Z,11,s,0.582,0.004066
7691,2018-11-18T20:33:14.606500Z,1,s,0.773,0.001919
7692,2018-11-18T20:33:28.489500Z,9,p,0.306,0.002282
7693,2018-11-18T20:33:31.538500Z,6,p,0.305,0.002918
7694,2018-11-18T20:33:32.081500Z,6,p,0.318,0.003282
7695,2018-11-18T20:34:08.069500Z,5,p,0.44,0.002292
7696,2018-11-18T20:34:18.339500Z,22,s,0.695,0.004519
7697,2018-11-18T20:34:43.419000Z,24,p,0.95,0.007947
7698,2018-11-18T20:34:43.424000Z,23,p,0.966,0.01112
7699,2018-11-18T20:34:43.430000Z,22,p,0.956,0.005637
7700,2018-11-18T20:34:43.435500Z,21,p,0.968,0.005357
7701,2018-11-18T20:34:43.440500Z,20,p,0.791,0.003501
7702,2018-11-18T20:34:43.447000Z,19,p,0.965,0.004541
7703,2018-11-18T20:34:43.454500Z,17,p,0.382,0.002401
7704,2018-11-18T20:34:43.461500Z,16,p,0.822,0.00276
7705,2018-11-18T20:34:43.477500Z,13,p,0.61,0.001841
7706,2018-11-18T20:34:43.478500Z,24,s,0.935,0.007947
7707,2018-11-18T20:34:43.487000Z,23,s,0.96,0.01112
7708,2018-11-18T20:34:43.495500Z,22,s,0.945,0.005637
7709,2018-11-18T20:34:43.503500Z,21,s,0.94,0.005357
7710,2018-11-18T20:34:43.513000Z,20,s,0.839,0.003501
7711,2018-11-18T20:34:43.522000Z,19,s,0.915,0.003087
7712,2018-11-18T20:34:43.539500Z,17,s,0.638,0.002206
7713,2018-11-18T20:34:43.548500Z,16,s,0.726,0.001733
7714,2018-11-18T20:34:43.581500Z,13,s,0.33,0.001841
7715,2018-11-18T20:35:10.974000Z,3,s,0.515,0.004162
7716,2018-11-18T20:35:41.093500Z,12,s,0.367,0.01067
7717,2018-11-18T20:35:41.096000Z,12,p,0.58,0.01067
7718,2018-11-18T20:35:41.100000Z,11,p,0.416,0.005239
7719,2018-11-18T20:35:41.207500Z,12,s,0.418,0.001427
7720,2018-11-18T20:36:19.404500Z,20,p,0.324,0.002632
7721,2018-11-18T20:36:19.558500Z,20,s,0.808,0.002632
7722,2018-11-18T20:36:25.640500Z,3,s,0.551,0.002543
7723,2018-11-18T20:36:25.649500Z,5,p,0.814,0.003161
7724,2018-11-18T20:36:25.784500Z,15,p,0.32,0.001846
7725,2018-11-18T20:36:25.787000Z,5,s,0.802,0.003161
7726,2018-11-18T20:37:45.381000Z,23,p,0.884,0.003655
7727,2018-11-18T20:37:45.441500Z,23,s,0.928,0.003655
7728,2018-11-18T20:37:45.452000Z,22,s,0.325,0.002405
7729,2018-11-18T20:38:01.092000Z,1,s,0.421,0.002504
7730,2018-11-18T20:38:18.818000Z,24,s,0.606,0.004772
7731,2018-11-18T20:39:16.820500Z,19,s,0.605,0.003567
7732,2018-11-18T20:39:48.695000Z,16,s,0.807,0.005375
7733,2018-11-18T20:39:50.552500Z,22,s,0.504,0.001917
7734,2018-11-18T20:40:15.148000Z,20,s,0.581,0.001838
7735,2018-11-18T20:40:47.541000Z,5,s,0.82,0.00242
7736,2018-11-18T20:40:52.115500Z,8,s,0.316,0.002804
7737,2018-11-18T20:41:02.809500Z,8,p,0.679,0.003044
7738,2018-11-18T20:41:41.856500Z,17,s,0.407,0.00195
7739,2018-11-18T20:41:46.555500Z,11,s,0.711,0.003729
7740,2018-11-18T20:41:50.752500Z,20,p,0.358,0.003343
7741,2018-11-18T20:41:50.898500Z,20,s,0.455,0.003343
7742,2018-11-18T20:42:17.626500Z,5,s,0.436,0.003009
7743,2018-11-18T20:42:33.871500Z,1,p,0.318,0.001959
7744,2018-11-18T20:42:37.214000Z,18,s,0.323,0.002739
7745,2018-11-18T20:43:44.430000Z,20,s,0.621,0.002262
7746,2018-11-18T20:43:54.650000Z,22,s,0.532,0.005356
7747,2018-11-18T20:43:57.332000Z,17,s,0.711,0.0021
7748,2018-11-18T20:44:18.161500Z,24,s,0.613,0.005112
7749,2018-11-18T20:45:37.598000Z,20,s,0.571,0.001814
7750,2018-11-18T20:46:14.017500Z,20,s,0.582,0.002603
7751,2018-11-18T20:46:19.903500Z,4,s,0.401,0.002099
7752,2018-11-18T20:46:23.334500Z,16,s,0.36,0.001753
7753,2018-11-18T20:46:53.629500Z,12,s,0.326,0.002122
7754,2018-11-18T20:47:30.818000Z,24,p,0.985,0.1284
7755,2018-11-18T20:47:30.823000Z,23,p,0.983,0.09772
7756,2018-11-18T20:47:30.827500Z,22,p,0.972,0.04773
7757,2018-11-18T20:47:30.833500Z,21,p,0.982,0.03233
7758,2018-11-18T20:47:30.839000Z,20,p,0.983,0.03134
7759,2018-11-18T20:47:30.844000Z,19,p,0.983,0.02769
7760,2018-11-18T20:47:30.849000Z,18,p,0.969,0.02182
7761,2018-11-18T20:47:30.855000Z,17,p,0.969,0.02177
7762,2018-11-18T20:47:30.861500Z,16,p,0.936,0.01488
7763,2018-11-18T20:47:30.865500Z,15,p,0.867,0.01196
7764,2018-11-18T20:47:30.873000Z,14,p,0.934,0.01864
7765,2018-11-18T20:47:30.879500Z,13,p,0.933,0.01009
7766,2018-11-18T20:47:30.885500Z,12,p,0.933,0.009318
7767,2018-11-18T20:47:30.887500Z,24,s,0.963,0.1284
7768,2018-11-18T20:47:30.896500Z,10,p,0.556,0.006283
7769,2018-11-18T20:47:30.896500Z,23,s,0.956,0.09772
7770,2018-11-18T20:47:30.904000Z,22,s,0.963,0.04773
7771,2018-11-18T20:47:30.904500Z,11,p,0.749,0.00607
7772,2018-11-18T20:47:30.908000Z,8,p,0.929,0.01171
7773,2018-11-18T20:47:30.910000Z,9,p,0.645,0.006695
7774,2018-11-18T20:47:30.912500Z,7,p,0.626,0.01094
7775,2018-11-18T20:47:30.913000Z,21,s,0.964,0.03233
7776,2018-11-18T20:47:30.917000Z,6,p,0.956,0.008517
7777,2018-11-18T20:47:30.921000Z,20,s,0.951,0.03134
7778,2018-11-18T20:47:30.928000Z,4,p,0.837,0.005823
7779,2018-11-18T20:47:30.930500Z,19,s,0.961,0.02769
7780,2018-11-18T20:47:30.934500Z,3,p,0.711,0.005344
7781,2018-11-18T20:47:30.936500Z,5,p,0.386,0.004935
7782,2018-11-18T20:47:30.940500Z,18,s,0.943,0.02182
7783,2018-11-18T20:47:30.941500Z,2,p,0.932,0.008112
7784,2018-11-18T20:47:30.943500Z,1,p,0.552,0.004847
7785,2018-11-18T20:47:30.945000Z,17,s,0.718,0.02177
7786,2018-11-18T20:47:30.959000Z,16,s,0.953,0.01488
7787,2018-11-18T20:47:30.968500Z,15,s,0.879,0.01196
7788,2018-11-18T20:47:30.980500Z,14,s,0.927,0.01864
7789,2018-11-18T20:47:30.988000Z,13,s,0.904,0.01009
7790,2018-11-18T20:47:30.997000Z,12,s,0.945,0.009318
7791,2018-11-18T20:47:31.006500Z,11,s,0.873,0.00607
7792,2018-11-18T20:47:31.014500Z,10,s,0.791,0.006283
7793,2018-11-18T20:47:31.026500Z,9,s,0.847,0.006695
7794,2018-11-18T20:47:31.035000Z,8,s,0.918,0.01171
7795,2018-11-18T20:47:31.043000Z,7,s,0.925,0.01094
7796,2018-11-18T20:47:31.051000Z,6,s,0.865,0.008517
7797,2018-11-18T20:47:31.060500Z,5,s,0.912,0.004935
7798,2018-11-18T20:47:31.069500Z,4,s,0.932,0.005823
7799,2018-11-18T20:47:31.078500Z,3,s,0.888,0.005344
7800,2018-11-18T20:47:31.088500Z,2,s,0.947,0.008112
7801,2018-11-18T20:47:31.095000Z,1,s,0.876,0.004847
7802,2018-11-18T20:47:39.167500Z,20,p,0.35,0.001825
7803,2018-11-18T20:47:39.276000Z,20,s,0.577,0.001695
7804,2018-11-18T20:48:29.277500Z,3,s,0.451,0.003921
7805,2018-11-18T20:48:36.895500Z,20,s,0.315,0.001794
7806,2018-11-18T20:49:12.779000Z,24,p,0.908,0.008426
7807,2018-11-18T20:49:12.787000Z,23,p,0.859,0.008337
7808,2018-11-18T20:49:12.789500Z,22,p,0.853,0.00527
7809,2018-11-18T20:49:12.798500Z,21,p,0.642,0.003898
7810,2018-11-18T20:49:12.801500Z,20,p,0.868,0.007262
7811,2018-11-18T20:49:12.805500Z,19,p,0.753,0.002479
7812,2018-11-18T20:49:12.820500Z,17,p,0.358,0.002297
7813,2018-11-18T20:49:12.824500Z,16,p,0.6,0.003045
7814,2018-11-18T20:49:12.832000Z,14,p,0.806,0.001927
7815,2018-11-18T20:49:12.836500Z,13,p,0.397,0.00207
7816,2018-11-18T20:49:12.872500Z,24,s,0.925,0.008426
7817,2018-11-18T20:49:12.880500Z,23,s,0.941,0.008337
7818,2018-11-18T20:49:12.884500Z,3,p,0.321,0.002235
7819,2018-11-18T20:49:12.887500Z,4,p,0.491,0.002134
7820,2018-11-18T20:49:12.888500Z,22,s,0.923,0.00527
7821,2018-11-18T20:49:12.896000Z,21,s,0.916,0.003898
7822,2018-11-18T20:49:12.896000Z,2,p,0.466,0.002006
7823,2018-11-18T20:49:12.904000Z,20,s,0.893,0.007262
7824,2018-11-18T20:49:12.911500Z,5,p,0.326,0.001449
7825,2018-11-18T20:49:12.912500Z,19,s,0.909,0.002479
7826,2018-11-18T20:49:12.921500Z,18,p,0.464,0.002818
7827,2018-11-18T20:49:12.929000Z,17,s,0.787,0.002297
7828,2018-11-18T20:49:12.945000Z,16,s,0.759,0.003045
7829,2018-11-18T20:49:12.949500Z,15,s,0.638,0.002211
7830,2018-11-18T20:49:12.956000Z,14,s,0.634,0.001927
7831,2018-11-18T20:49:12.970500Z,13,s,0.518,0.00207
7832,2018-11-18T20:49:13.010000Z,8,s,0.443,0.003989
7833,2018-11-18T20:49:13.026500Z,6,s,0.332,0.002527
7834,2018-11-18T20:49:13.037000Z,5,s,0.771,0.001449
7835,2018-11-18T20:49:13.045500Z,4,s,0.801,0.002134
7836,2018-11-18T20:49:13.056500Z,3,s,0.641,0.002235
7837,2018-11-18T20:49:13.064500Z,2,s,0.653,0.002006
7838,2018-11-18T20:49:17.699500Z,18,s,0.5,0.00468
7839,2018-11-18T20:49:38.888500Z,11,s,0.572,0.004033
7840,2018-11-18T20:49:56.229500Z,23,p,0.374,0.003046
7841,2018-11-18T20:49:56.336500Z,23,s,0.645,0.003046
7842,2018-11-18T20:50:05.573500Z,23,s,0.499,0.002949
7843,2018-11-18T20:50:19.346000Z,24,p,0.413,0.00502
7844,2018-11-18T20:50:19.417500Z,24,s,0.598,0.00502
7845,2018-11-18T20:50:43.492000Z,5,s,0.489,0.00316
7846,2018-11-18T20:52:15.154500Z,10,s,0.318,0.004153
7847,2018-11-18T20:52:18.380000Z,5,s,0.731,0.003486
7848,2018-11-18T20:52:23.466000Z,16,s,0.539,0.001617
7849,2018-11-18T20:53:56.500500Z,18,p,0.472,0.002353
7850,2018-11-18T20:54:41.490000Z,13,p,0.386,0.002737
7851,2018-11-18T20:54:41.581500Z,13,s,0.564,0.002737
7852,2018-11-18T20:55:17.929500Z,20,s,0.417,0.001905
7853,2018-11-18T20:55:34.264000Z,20,s,0.36,0.002934
7854,2018-11-18T20:55:54.548000Z,4,s,0.596,0.002314
7855,2018-11-18T20:56:20.172000Z,24,s,0.548,0.003481
7856,2018-11-18T20:56:21.486500Z,24,s,0.383,0.005034
7857,2018-11-18T20:56:21.817500Z,22,s,0.539,0.003163
7858,2018-11-18T20:56:26.951000Z,20,s,0.799,0.002624
7859,2018-11-18T20:56:54.404000Z,11,s,0.799,0.004459
7860,2018-11-18T20:56:58.415000Z,1,s,0.787,0.002647
7861,2018-11-18T20:57:54.968500Z,20,s,0.517,0.001643
7862,2018-11-18T20:58:06.985500Z,17,s,0.638,0.004124
7863,2018-11-18T20:59:34.746000Z,23,s,0.56,0.002047
7864,2018-11-18T21:00:07.317500Z,3,s,0.766,0.003201
7865,2018-11-18T21:00:08.469500Z,4,s,0.802,0.005511
7866,2018-11-18T21:00:19.091000Z,5,s,0.812,0.003301
7867,2018-11-18T21:00:22.725500Z,20,s,0.327,0.001764
7868,2018-11-18T21:00:27.384500Z,22,s,0.356,0.002249
7869,2018-11-18T21:00:53.105500Z,5,s,0.652,0.003193
7870,2018-11-18T21:01:34.232000Z,20,s,0.727,0.002386
7871,2018-11-18T21:01:38.266000Z,23,p,0.364,0.003255
7872,2018-11-18T21:01:38.384500Z,24,s,0.602,0.003251
7873,2018-11-18T21:01:38.392000Z,23,s,0.821,0.003255
7874,2018-11-18T21:02:15.177000Z,5,s,0.693,0.002958
7875,2018-11-18T21:03:49.248500Z,3,s,0.326,0.002425
7876,2018-11-18T21:03:55.508000Z,20,p,0.548,0.0016
7877,2018-11-18T21:03:55.626500Z,20,s,0.537,0.0016
7878,2018-11-18T21:04:44.696000Z,11,s,0.647,0.004419
7879,2018-11-18T21:05:05.058500Z,20,s,0.34,0.001616
7880,2018-11-18T21:05:34.916500Z,22,s,0.668,0.004817
7881,2018-11-18T21:06:22.703500Z,5,p,0.378,0.002122
7882,2018-11-18T21:06:30.978500Z,23,p,0.327,0.002129
7883,2018-11-18T21:07:39.718500Z,15,p,0.304,0.001847
7884,2018-11-18T21:07:39.889500Z,19,p,0.349,0.001614
7885,2018-11-18T21:07:43.332000Z,16,s,0.8,0.003209
7886,2018-11-18T21:09:36.725500Z,20,p,0.395,0.00238
7887,2018-11-18T21:09:36.873000Z,20,s,0.631,0.00238
7888,2018-11-18T21:10:12.480000Z,5,s,0.738,0.004212
7889,2018-11-18T21:10:28.265000Z,24,p,0.504,0.0046
7890,2018-11-18T21:10:28.482500Z,24,p,0.379,0.04189
7891,2018-11-18T21:10:28.512000Z,24,s,0.905,0.04189
7892,2018-11-18T21:11:31.016500Z,20,s,0.65,0.002559
7893,2018-11-18T21:11:38.664000Z,1,s,0.718,0.002091
7894,2018-11-18T21:12:04.243500Z,20,p,0.774,0.001804
7895,2018-11-18T21:12:04.428500Z,20,s,0.699,0.001804
7896,2018-11-18T21:12:54.446000Z,11,s,0.779,0.003115
7897,2018-11-18T21:13:00.434000Z,22,s,0.702,0.001748
7898,2018-11-18T21:13:01.745500Z,5,s,0.509,0.002897
7899,2018-11-18T21:13:20.419500Z,1,s,0.439,0.001652
7900,2018-11-18T21:13:34.623500Z,24,p,0.98,0.3384
7901,2018-11-18T21:13:34.627500Z,23,p,0.985,0.1603
7902,2018-11-18T21:13:34.631000Z,22,p,0.984,0.06924
7903,2018-11-18T21:13:34.635500Z,21,p,0.983,0.04856
7904,2018-11-18T21:13:34.639500Z,20,p,0.985,0.05439
7905,2018-11-18T21:13:34.643500Z,19,p,0.984,0.0515
7906,2018-11-18T21:13:34.647500Z,18,p,0.977,0.0668
7907,2018-11-18T21:13:34.652000Z,17,p,0.979,0.03727
7908,2018-11-18T21:13:34.657500Z,16,p,0.972,0.05725
7909,2018-11-18T21:13:34.662000Z,15,p,0.977,0.02349
7910,2018-11-18T21:13:34.667500Z,14,p,0.978,0.02768
7911,2018-11-18T21:13:34.673500Z,13,p,0.98,0.03792
7912,2018-11-18T21:13:34.678000Z,12,p,0.977,0.03749
7913,2018-11-18T21:13:34.681500Z,11,p,0.976,0.01835
7914,2018-11-18T21:13:34.686000Z,24,s,0.96,0.3384
7915,2018-11-18T21:13:34.687500Z,10,p,0.972,0.01632
7916,2018-11-18T21:13:34.691500Z,9,p,0.979,0.009231
7917,2018-11-18T21:13:34.692500Z,23,s,0.962,0.1603
7918,2018-11-18T21:13:34.697500Z,8,p,0.962,0.01231
7919,2018-11-18T21:13:34.698500Z,22,s,0.95,0.06924
7920,2018-11-18T21:13:34.701000Z,7,p,0.953,0.008696
7921,2018-11-18T21:13:34.705000Z,21,s,0.964,0.04347
7922,2018-11-18T21:13:34.707000Z,6,p,0.967,0.00946
7923,2018-11-18T21:13:34.712000Z,20,s,0.961,0.051
7924,2018-11-18T21:13:34.712000Z,5,p,0.949,0.01027
7925,2018-11-18T21:13:34.717000Z,4,p,0.976,0.01153
7926,2018-11-18T21:13:34.718000Z,19,s,0.961,0.04239
7927,2018-11-18T21:13:34.722500Z,3,p,0.964,0.01125
7928,2018-11-18T21:13:34.727500Z,2,p,0.975,0.008776
7929,2018-11-18T21:13:34.727500Z,18,s,0.945,0.04464
7930,2018-11-18T21:13:34.731500Z,1,p,0.96,0.006596
7931,2018-11-18T21:13:34.734500Z,17,s,0.958,0.03727
7932,2018-11-18T21:13:34.746000Z,16,s,0.931,0.02862
7933,2018-11-18T21:13:34.755000Z,15,s,0.937,0.02349
7934,2018-11-18T21:13:34.762500Z,14,s,0.911,0.02768
7935,2018-11-18T21:13:34.773000Z,13,s,0.949,0.03792
7936,2018-11-18T21:13:34.779500Z,12,s,0.94,0.01346
7937,2018-11-18T21:13:34.790500Z,11,s,0.756,0.01835
7938,2018-11-18T21:13:34.806000Z,10,s,0.62,0.01632
7939,2018-11-18T21:13:34.807000Z,9,s,0.747,0.009231
7940,2018-11-18T21:13:34.816000Z,8,s,0.758,0.01124
7941,2018-11-18T21:13:34.822500Z,7,s,0.591,0.006232
7942,2018-11-18T21:13:34.836500Z,6,s,0.748,0.005487
7943,2018-11-18T21:13:34.838000Z,5,s,0.882,0.004429
7944,2018-11-18T21:13:34.848500Z,4,s,0.652,0.007784
7945,2018-11-18T21:13:34.856500Z,3,s,0.755,0.005282
7946,2018-11-18T21:13:34.867000Z,2,s,0.747,0.00396
7947,2018-11-18T21:13:34.871000Z,1,s,0.685,0.002991
7948,2018-11-18T21:13:55.404500Z,17,p,0.333,0.003484
7949,2018-11-18T21:13:55.513500Z,17,s,0.488,0.003484
7950,2018-11-18T21:14:21.767500Z,2,s,0.31,0.001786
7951,2018-11-18T21:14:30.568500Z,24,s,0.478,0.004284
7952,2018-11-18T21:14:53.130000Z,5,p,0.336,0.001636
7953,2018-11-18T21:15:35.308000Z,17,p,0.392,0.003314
7954,2018-11-18T21:15:35.437500Z,17,s,0.573,0.003314
7955,2018-11-18T21:15:55.492000Z,24,p,0.983,0.1417
7956,2018-11-18T21:15:55.497000Z,23,p,0.971,0.1041
7957,2018-11-18T21:15:55.501500Z,22,p,0.982,0.05854
7958,2018-11-18T21:15:55.505500Z,21,p,0.978,0.02819
7959,2018-11-18T21:15:55.510000Z,20,p,0.978,0.03124
7960,2018-11-18T21:15:55.515500Z,19,p,0.982,0.01913
7961,2018-11-18T21:15:55.519500Z,18,p,0.968,0.02627
7962,2018-11-18T21:15:55.525500Z,17,p,0.981,0.01335
7963,2018-11-18T21:15:55.531000Z,16,p,0.966,0.01963
7964,2018-11-18T21:15:55.535000Z,15,p,0.975,0.01966
7965,2018-11-18T21:15:55.541500Z,14,p,0.981,0.02525
7966,2018-11-18T21:15:55.547000Z,13,p,0.984,0.03383
7967,2018-11-18T21:15:55.551500Z,12,p,0.98,0.01967
7968,2018-11-18T21:15:55.555000Z,11,p,0.965,0.007662
7969,2018-11-18T21:15:55.560000Z,10,p,0.962,0.006668
7970,2018-11-18T21:15:55.565500Z,9,p,0.967,0.008094
7971,2018-11-18T21:15:55.570500Z,24,s,0.963,0.1417
7972,2018-11-18T21:15:55.571000Z,8,p,0.967,0.01035
7973,2018-11-18T21:15:55.577000Z,7,p,0.893,0.01049
7974,2018-11-18T21:15:55.577500Z,23,s,0.969,0.1041
7975,2018-11-18T21:15:55.582500Z,6,p,0.944,0.007558
7976,2018-11-18T21:15:55.585000Z,22,s,0.962,0.05854
7977,2018-11-18T21:15:55.588500Z,5,p,0.96,0.008762
7978,2018-11-18T21:15:55.591500Z,4,p,0.961,0.01124
7979,2018-11-18T21:15:55.592500Z,21,s,0.923,0.02819
7980,2018-11-18T21:15:55.597500Z,3,p,0.94,0.006537
7981,2018-11-18T21:15:55.600500Z,20,s,0.937,0.03124
7982,2018-11-18T21:15:55.603000Z,2,p,0.965,0.006633
7983,2018-11-18T21:15:55.606500Z,19,s,0.844,0.01631
7984,2018-11-18T21:15:55.607000Z,1,p,0.956,0.005212
7985,2018-11-18T21:15:55.616500Z,18,s,0.899,0.02627
7986,2018-11-18T21:15:55.624500Z,17,s,0.94,0.01335
7987,2018-11-18T21:15:55.635000Z,16,s,0.917,0.01963
7988,2018-11-18T21:15:55.646500Z,15,s,0.911,0.01966
7989,2018-11-18T21:15:55.655000Z,14,s,0.952,0.02525
7990,2018-11-18T21:15:55.664000Z,13,s,0.94,0.03383
7991,2018-11-18T21:15:55.671500Z,12,s,0.938,0.01967
7992,2018-11-18T21:15:55.681000Z,11,s,0.843,0.007662
7993,2018-11-18T21:15:55.692500Z,10,s,0.764,0.006668
7994,2018-11-18T21:15:55.697000Z,9,s,0.819,0.008094
7995,2018-11-18T21:15:55.707000Z,8,s,0.906,0.01035
7996,2018-11-18T21:15:55.713000Z,7,s,0.877,0.01049
7997,2018-11-18T21:15:55.722500Z,6,s,0.899,0.006983
7998,2018-11-18T21:15:55.730000Z,5,s,0.863,0.004421
7999,2018-11-18T21:15:55.739000Z,4,s,0.873,0.01124
8000,2018-11-18T21:15:55.749000Z,3,s,0.89,0.004726
8001,2018-11-18T21:15:55.757500Z,2,s,0.906,0.006633
8002,2018-11-18T21:15:55.766500Z,1,s,0.796,0.003437
8003,2018-11-18T21:16:02.793500Z,1,p,0.753,0.002457
8004,2018-11-18T21:16:02.994500Z,1,s,0.673,0.001903
8005,2018-11-18T21:16:23.028000Z,20,p,0.544,0.001917
8006,2018-11-18T21:16:23.221500Z,20,s,0.502,0.001917
8007,2018-11-18T21:16:39.250000Z,14,s,0.318,0.01222
8008,2018-11-18T21:16:51.950000Z,20,p,0.362,0.002618
8009,2018-11-18T21:16:52.077000Z,20,s,0.815,0.002618
8010,2018-11-18T21:17:00.661500Z,19,s,0.613,0.003334
8011,2018-11-18T21:17:08.712500Z,19,s,0.727,0.002642
8012,2018-11-18T21:17:14.151500Z,5,p,0.56,0.00308
8013,2018-11-18T21:17:14.231000Z,5,s,0.848,0.00308
8014,2018-11-18T21:17:35.830000Z,24,p,0.982,0.05242
8015,2018-11-18T21:17:35.835500Z,23,p,0.986,0.04965
8016,2018-11-18T21:17:35.841000Z,22,p,0.98,0.04563
8017,2018-11-18T21:17:35.845500Z,21,p,0.979,0.04223
8018,2018-11-18T21:17:35.851500Z,20,p,0.987,0.02821
8019,2018-11-18T21:17:35.856000Z,19,p,0.982,0.03253
8020,2018-11-18T21:17:35.861500Z,18,p,0.98,0.02194
8021,2018-11-18T21:17:35.867500Z,17,p,0.98,0.01833
8022,2018-11-18T21:17:35.872500Z,16,p,0.978,0.0212
8023,2018-11-18T21:17:35.877500Z,15,p,0.975,0.008744
8024,2018-11-18T21:17:35.883500Z,14,p,0.976,0.005901
8025,2018-11-18T21:17:35.891000Z,13,p,0.982,0.01124
8026,2018-11-18T21:17:35.894500Z,24,s,0.963,0.03376
8027,2018-11-18T21:17:35.895500Z,12,p,0.978,0.01357
8028,2018-11-18T21:17:35.901500Z,11,p,0.97,0.007098
8029,2018-11-18T21:17:35.903500Z,23,s,0.968,0.04965
8030,2018-11-18T21:17:35.905000Z,10,p,0.95,0.005495
8031,2018-11-18T21:17:35.911000Z,9,p,0.972,0.003689
8032,2018-11-18T21:17:35.911500Z,22,s,0.966,0.02119
8033,2018-11-18T21:17:35.917000Z,8,p,0.979,0.00359
8034,2018-11-18T21:17:35.920500Z,21,s,0.961,0.02265
8035,2018-11-18T21:17:35.923000Z,7,p,0.935,0.003002
8036,2018-11-18T21:17:35.928000Z,6,p,0.926,0.002831
8037,2018-11-18T21:17:35.929500Z,20,s,0.943,0.01789
8038,2018-11-18T21:17:35.933000Z,5,p,0.97,0.002079
8039,2018-11-18T21:17:35.937000Z,19,s,0.953,0.01123
8040,2018-11-18T21:17:35.937500Z,4,p,0.939,0.003089
8041,2018-11-18T21:17:35.943000Z,3,p,0.928,0.002938
8042,2018-11-18T21:17:35.947500Z,18,s,0.951,0.01387
8043,2018-11-18T21:17:35.950000Z,2,p,0.965,0.002156
8044,2018-11-18T21:17:35.956000Z,1,p,0.835,0.002472
8045,2018-11-18T21:17:35.956500Z,17,s,0.871,0.008135
8046,2018-11-18T21:17:35.966000Z,16,s,0.799,0.008147
8047,2018-11-18T21:17:35.972500Z,15,s,0.797,0.005848
8048,2018-11-18T21:17:35.988000Z,14,s,0.849,0.004918
8049,2018-11-18T21:17:35.989500Z,13,s,0.555,0.007194
8050,2018-11-18T21:17:36.007000Z,12,s,0.842,0.005085
8051,2018-11-18T21:17:36.018500Z,11,s,0.755,0.003496
8052,2018-11-18T21:17:36.028500Z,10,s,0.732,0.004528
8053,2018-11-18T21:17:36.040500Z,9,s,0.793,0.002825
8054,2018-11-18T21:17:36.051000Z,8,s,0.818,0.003195
8055,2018-11-18T21:17:36.062000Z,7,s,0.618,0.0025
8056,2018-11-18T21:17:36.067000Z,6,s,0.743,0.002584
8057,2018-11-18T21:17:36.076500Z,5,s,0.823,0.002054
8058,2018-11-18T21:17:36.085500Z,4,s,0.769,0.003089
8059,2018-11-18T21:17:36.095000Z,3,s,0.464,0.002938
8060,2018-11-18T21:17:36.104000Z,2,s,0.638,0.002079
8061,2018-11-18T21:17:36.122500Z,1,s,0.674,0.002472
8062,2018-11-18T21:18:54.781500Z,20,s,0.306,0.001602
8063,2018-11-18T21:19:39.269500Z,23,s,0.401,0.002652
8064,2018-11-18T21:20:30.280500Z,20,s,0.363,0.002594
8065,2018-11-18T21:21:09.700500Z,1,s,0.816,0.001922
8066,2018-11-18T21:21:25.724500Z,11,s,0.647,0.004511
8067,2018-11-18T21:21:37.768500Z,20,s,0.702,0.003007
8068,2018-11-18T21:21:42.175500Z,10,s,0.476,0.004998
8069,2018-11-18T21:22:03.472500Z,3,s,0.337,0.00289
8070,2018-11-18T21:22:59.233500Z,23,s,0.576,0.002134
8071,2018-11-18T21:23:10.108000Z,5,s,0.809,0.002666
8072,2018-11-18T21:23:40.973500Z,1,s,0.747,0.001654
8073,2018-11-18T21:23:53.864500Z,1,s,0.371,0.002105
8074,2018-11-18T21:23:54.287500Z,1,s,0.434,0.008652
8075,2018-11-18T21:23:59.148500Z,1,p,0.444,0.01084
8076,2018-11-18T21:23:59.788000Z,2,p,0.43,0.003179
8077,2018-11-18T21:23:59.854500Z,5,p,0.443,0.002502
8078,2018-11-18T21:23:59.858000Z,2,s,0.411,0.003179
8079,2018-11-18T21:23:59.910500Z,8,p,0.556,0.002265
8080,2018-11-18T21:23:59.910500Z,4,s,0.348,0.00238
8081,2018-11-18T21:23:59.942500Z,5,s,0.466,0.002502
8082,2018-11-18T21:24:00.008500Z,8,s,0.569,0.002265
8083,2018-11-18T21:24:00.063500Z,12,s,0.307,0.003594
8084,2018-11-18T21:24:06.293500Z,5,s,0.678,0.002074
8085,2018-11-18T21:24:22.550500Z,20,s,0.604,0.0019
8086,2018-11-18T21:25:14.412000Z,1,s,0.608,0.001674
8087,2018-11-18T21:26:26.507500Z,22,s,0.306,0.002236
8088,2018-11-18T21:26:38.570500Z,24,p,0.395,0.004992
8089,2018-11-18T21:26:38.676500Z,24,s,0.463,0.004992
8090,2018-11-18T21:26:42.964000Z,17,s,0.707,0.006275
8091,2018-11-18T21:26:46.257500Z,20,p,0.332,0.001647
8092,2018-11-18T21:26:46.408500Z,20,s,0.563,0.001647
8093,2018-11-18T21:26:51.808000Z,20,p,0.412,0.002504
8094,2018-11-18T21:26:51.959000Z,20,s,0.65,0.002504
8095,2018-11-18T21:27:25.743500Z,23,s,0.717,0.003064
8096,2018-11-18T21:27:48.242000Z,20,p,0.462,0.001531
8097,2018-11-18T21:27:48.523500Z,20,s,0.439,0.001502
8098,2018-11-18T21:28:04.672500Z,22,s,0.363,0.005229
8099,2018-11-18T21:30:12.077500Z,11,p,0.513,0.00391
8100,2018-11-18T21:30:12.200000Z,11,s,0.665,0.00391
8101,2018-11-18T21:30:25.323500Z,18,s,0.341,0.002278
8102,2018-11-18T21:31:40.902000Z,5,s,0.397,0.003753
8103,2018-11-18T21:32:17.823000Z,20,s,0.681,0.001673
8104,2018-11-18T21:32:26.590000Z,20,p,0.53,0.003484
8105,2018-11-18T21:32:26.688500Z,20,s,0.743,0.003484
8106,2018-11-18T21:33:04.652000Z,5,s,0.557,0.002223
8107,2018-11-18T21:34:57.881500Z,1,s,0.628,0.002448
8108,2018-11-18T21:35:14.788500Z,23,s,0.655,0.003306
8109,2018-11-18T21:36:31.076000Z,5,s,0.638,0.003608
8110,2018-11-18T21:36:53.282000Z,20,s,0.874,0.002725
8111,2018-11-18T21:36:53.825000Z,8,s,0.788,0.003762
8112,2018-11-18T21:37:54.930000Z,20,p,0.66,0.00227
8113,2018-11-18T21:37:55.120000Z,20,s,0.59,0.00227
8114,2018-11-18T21:38:48.249500Z,5,s,0.558,0.003907
8115,2018-11-18T21:38:48.497500Z,24,s,0.577,0.005674
8116,2018-11-18T21:39:18.700000Z,11,s,0.807,0.004765
8117,2018-11-18T21:39:32.247500Z,5,p,0.526,0.003181
8118,2018-11-18T21:39:32.359000Z,5,s,0.809,0.003181
8119,2018-11-18T21:40:38.607500Z,10,s,0.436,0.002048
8120,2018-11-18T21:40:44.946000Z,4,s,0.507,0.005842
8121,2018-11-18T21:41:09.444500Z,22,s,0.568,0.004376
8122,2018-11-18T21:41:18.933500Z,8,s,0.441,0.002124
8123,2018-11-18T21:41:21.808500Z,3,s,0.317,0.00393
8124,2018-11-18T21:42:12.334000Z,20,s,0.401,0.002333
8125,2018-11-18T21:42:19.069500Z,19,s,0.3,0.001523
8126,2018-11-18T21:42:46.527500Z,20,p,0.366,0.002012
8127,2018-11-18T21:42:46.703000Z,20,s,0.691,0.002012
8128,2018-11-18T21:43:25.482000Z,24,p,0.982,0.1986
8129,2018-11-18T21:43:25.487500Z,23,p,0.984,0.2271
8130,2018-11-18T21:43:25.492000Z,22,p,0.971,0.2237
8131,2018-11-18T21:43:25.497500Z,21,p,0.987,0.2379
8132,2018-11-18T21:43:25.501500Z,20,p,0.977,0.1165
8133,2018-11-18T21:43:25.506500Z,19,p,0.986,0.1266
8134,2018-11-18T21:43:25.511500Z,18,p,0.977,0.09822
8135,2018-11-18T21:43:25.517000Z,17,p,0.978,0.05008
8136,2018-11-18T21:43:25.522000Z,16,p,0.986,0.06012
8137,2018-11-18T21:43:25.527500Z,15,p,0.979,0.0393
8138,2018-11-18T21:43:25.533000Z,14,p,0.979,0.04384
8139,2018-11-18T21:43:25.539500Z,13,p,0.95,0.07724
8140,2018-11-18T21:43:25.544000Z,12,p,0.985,0.07817
8141,2018-11-18T21:43:25.549000Z,11,p,0.967,0.0243
8142,2018-11-18T21:43:25.553000Z,10,p,0.982,0.01852
8143,2018-11-18T21:43:25.558000Z,24,s,0.965,0.1432
8144,2018-11-18T21:43:25.559500Z,9,p,0.977,0.01326
8145,2018-11-18T21:43:25.564000Z,8,p,0.969,0.01342
8146,2018-11-18T21:43:25.565500Z,23,s,0.94,0.1552
8147,2018-11-18T21:43:25.569000Z,7,p,0.965,0.0134
8148,2018-11-18T21:43:25.573500Z,22,s,0.95,0.09858
8149,2018-11-18T21:43:25.574000Z,6,p,0.975,0.01526
8150,2018-11-18T21:43:25.579500Z,5,p,0.978,0.01193
8151,2018-11-18T21:43:25.581500Z,21,s,0.966,0.05971
8152,2018-11-18T21:43:25.585000Z,4,p,0.976,0.01732
8153,2018-11-18T21:43:25.588000Z,17,s,0.554,0.02877
8154,2018-11-18T21:43:25.590500Z,20,s,0.731,0.06868
8155,2018-11-18T21:43:25.591500Z,3,p,0.978,0.01184
8156,2018-11-18T21:43:25.595500Z,2,p,0.967,0.01132
8157,2018-11-18T21:43:25.598000Z,19,s,0.892,0.02925
8158,2018-11-18T21:43:25.599500Z,1,p,0.963,0.00784
8159,2018-11-18T21:43:25.605500Z,14,s,0.475,0.01437
8160,2018-11-18T21:43:25.607000Z,18,s,0.936,0.03171
8161,2018-11-18T21:43:25.623500Z,16,s,0.594,0.02082
8162,2018-11-18T21:43:25.635500Z,15,s,0.358,0.01335
8163,2018-11-18T21:43:25.654500Z,13,s,0.491,0.01045
8164,2018-11-18T21:43:25.664500Z,12,s,0.765,0.01115
8165,2018-11-18T21:43:25.687500Z,9,s,0.499,0.006706
8166,2018-11-18T21:43:25.690500Z,10,s,0.631,0.00876
8167,2018-11-18T21:43:25.703000Z,8,s,0.817,0.01234
8168,2018-11-18T21:43:25.709500Z,7,s,0.618,0.01329
8169,2018-11-18T21:43:25.720000Z,6,s,0.793,0.01035
8170,2018-11-18T21:43:25.728000Z,5,s,0.839,0.006799
8171,2018-11-18T21:43:25.735000Z,4,s,0.903,0.01732
8172,2018-11-18T21:43:25.742500Z,3,s,0.679,0.01045
8173,2018-11-18T21:43:25.753000Z,2,s,0.773,0.01132
8174,2018-11-18T21:43:25.758500Z,1,s,0.666,0.00784
8175,2018-11-18T21:43:46.544500Z,10,s,0.8,0.003758
8176,2018-11-18T21:44:01.568000Z,23,p,0.455,0.003025
8177,2018-11-18T21:44:01.695000Z,23,s,0.705,0.003025
8178,2018-11-18T21:45:16.385000Z,22,p,0.722,0.002584
8179,2018-11-18T21:45:16.546000Z,22,p,0.534,0.002826
8180,2018-11-18T21:45:16.656500Z,22,s,0.845,0.002826
8181,2018-11-18T21:45:20.357500Z,20,s,0.424,0.002285
8182,2018-11-18T21:45:28.327000Z,23,p,0.455,0.003498
8183,2018-11-18T21:45:28.445500Z,23,s,0.615,0.003498
8184,2018-11-18T21:45:29.364000Z,3,s,0.659,0.00507
8185,2018-11-18T21:45:57.906500Z,20,p,0.463,0.003063
8186,2018-11-18T21:45:58.107000Z,20,s,0.796,0.003063
8187,2018-11-18T21:46:28.354500Z,20,s,0.556,0.002209
8188,2018-11-18T21:47:01.628500Z,20,p,0.503,0.002749
8189,2018-11-18T21:47:01.836500Z,20,s,0.769,0.002749
8190,2018-11-18T21:47:31.813500Z,11,s,0.635,0.003372
8191,2018-11-18T21:47:46.862000Z,5,p,0.339,0.003478
8192,2018-11-18T21:47:46.966500Z,5,s,0.703,0.003478
8193,2018-11-18T21:49:19.425000Z,15,p,0.579,0.0427
8194,2018-11-18T21:49:19.428000Z,15,s,0.315,0.0427
8195,2018-11-18T21:49:26.900000Z,20,s,0.421,0.002209
8196,2018-11-18T21:49:58.000500Z,23,s,0.461,0.002525
8197,2018-11-18T21:52:06.838500Z,20,p,0.325,0.002939
8198,2018-11-18T21:52:07.077000Z,20,s,0.858,0.002939
8199,2018-11-18T21:53:01.511500Z,12,s,0.403,0.002663
8200,2018-11-18T21:54:38.352500Z,1,s,0.629,0.002858
8201,2018-11-18T21:54:38.743500Z,22,p,0.345,0.004336
8202,2018-11-18T21:54:38.840500Z,22,s,0.701,0.004336
8203,2018-11-18T21:54:54.239000Z,5,s,0.801,0.002645
8204,2018-11-18T21:56:13.024500Z,5,p,0.315,0.004171
8205,2018-11-18T21:56:13.117500Z,5,s,0.733,0.004171
8206,2018-11-18T21:56:18.680000Z,20,p,0.331,0.001874
8207,2018-11-18T21:56:18.800500Z,20,s,0.347,0.001874
8208,2018-11-18T21:56:19.328500Z,23,s,0.426,0.00237
8209,2018-11-18T21:56:23.842000Z,11,s,0.799,0.004417
8210,2018-11-18T21:56:42.393500Z,22,s,0.443,0.002251
8211,2018-11-18T21:56:56.260500Z,24,p,0.354,0.005193
8212,2018-11-18T21:56:56.421500Z,24,s,0.503,0.005193
8213,2018-11-18T21:57:31.330000Z,16,s,0.907,0.01415
8214,2018-11-18T21:57:41.236000Z,20,p,0.493,0.003984
8215,2018-11-18T21:57:41.238500Z,20,s,0.362,0.002373
8216,2018-11-18T21:57:41.320500Z,20,s,0.354,0.003984
8217,2018-11-18T21:58:18.575500Z,10,p,0.624,0.01301
8218,2018-11-18T21:58:18.672500Z,10,s,0.768,0.01301
8219,2018-11-18T21:58:36.491500Z,20,p,0.656,0.002089
8220,2018-11-18T21:58:36.654500Z,20,s,0.717,0.002089
8221,2018-11-18T22:00:27.470500Z,22,s,0.472,0.004073
8222,2018-11-18T22:00:29.276000Z,20,p,0.82,0.002016
8223,2018-11-18T22:00:29.463000Z,20,s,0.643,0.002016
8224,2018-11-18T22:01:20.437000Z,24,p,0.98,0.01587
8225,2018-11-18T22:01:20.441500Z,23,p,0.973,0.01719
8226,2018-11-18T22:01:20.449000Z,22,p,0.785,0.01191
8227,2018-11-18T22:01:20.453500Z,21,p,0.968,0.01131
8228,2018-11-18T22:01:20.459500Z,20,p,0.932,0.008859
8229,2018-11-18T22:01:20.464000Z,19,p,0.966,0.008138
8230,2018-11-18T22:01:20.469500Z,18,p,0.945,0.01019
8231,2018-11-18T22:01:20.473500Z,17,p,0.963,0.005004
8232,2018-11-18T22:01:20.481000Z,16,p,0.918,0.004346
8233,2018-11-18T22:01:20.487500Z,24,s,0.931,0.01341
8234,2018-11-18T22:01:20.487500Z,15,p,0.939,0.002566
8235,2018-11-18T22:01:20.491500Z,14,p,0.896,0.002221
8236,2018-11-18T22:01:20.497500Z,23,s,0.961,0.01441
8237,2018-11-18T22:01:20.499000Z,13,p,0.921,0.003038
8238,2018-11-18T22:01:20.504500Z,12,p,0.952,0.002789
8239,2018-11-18T22:01:20.506000Z,22,s,0.747,0.006968
8240,2018-11-18T22:01:20.509000Z,11,p,0.937,0.001959
8241,2018-11-18T22:01:20.515000Z,10,p,0.875,0.002385
8242,2018-11-18T22:01:20.515000Z,21,s,0.924,0.005045
8243,2018-11-18T22:01:20.520000Z,9,p,0.715,0.001745
8244,2018-11-18T22:01:20.523000Z,20,s,0.932,0.004362
8245,2018-11-18T22:01:20.528000Z,8,p,0.91,0.001799
8246,2018-11-18T22:01:20.532000Z,19,s,0.928,0.003846
8247,2018-11-18T22:01:20.541500Z,18,s,0.95,0.009387
8248,2018-11-18T22:01:20.550000Z,17,s,0.891,0.002626
8249,2018-11-18T22:01:20.561000Z,16,s,0.679,0.004346
8250,2018-11-18T22:01:20.572500Z,15,s,0.873,0.002566
8251,2018-11-18T22:01:20.581000Z,14,s,0.807,0.001782
8252,2018-11-18T22:01:20.590000Z,13,s,0.691,0.002309
8253,2018-11-18T22:01:20.603000Z,12,s,0.819,0.001564
8254,2018-11-18T22:01:20.612500Z,11,s,0.811,0.001635
8255,2018-11-18T22:01:20.624000Z,10,s,0.756,0.001766
8256,2018-11-18T22:01:20.629500Z,9,s,0.554,0.001735
8257,2018-11-18T22:01:20.640500Z,8,s,0.711,0.001591
8258,2018-11-18T22:01:58.558000Z,20,s,0.813,0.002271
8259,2018-11-18T22:02:49.915500Z,20,s,0.368,0.001837
8260,2018-11-18T22:03:03.453500Z,24,s,0.402,0.004918
8261,2018-11-18T22:03:13.147500Z,5,p,0.651,0.003755
8262,2018-11-18T22:03:13.230500Z,5,s,0.877,0.003755
8263,2018-11-18T22:03:31.982500Z,11,p,0.566,0.003421
8264,2018-11-18T22:03:32.008500Z,23,s,0.327,0.002536
8265,2018-11-18T22:03:32.082000Z,11,s,0.537,0.003421
8266,2018-11-18T22:04:23.541500Z,15,p,0.578,0.03797
8267,2018-11-18T22:04:23.546000Z,15,s,0.313,0.03797
8268,2018-11-18T22:04:53.064500Z,12,s,0.301,0.002082
8269,2018-11-18T22:05:04.104000Z,23,s,0.76,0.002887
8270,2018-11-18T22:05:04.132000Z,20,s,0.629,0.002476
8271,2018-11-18T22:05:15.045500Z,22,s,0.615,0.005037
8272,2018-11-18T22:06:01.185500Z,5,s,0.505,0.002552
8273,2018-11-18T22:06:05.348500Z,23,p,0.305,0.00262
8274,2018-11-18T22:06:05.498500Z,23,s,0.473,0.00262
8275,2018-11-18T22:07:10.156500Z,20,p,0.51,0.002442
8276,2018-11-18T22:07:10.377000Z,20,s,0.76,0.002442
8277,2018-11-18T22:08:43.992500Z,5,s,0.321,0.003067
8278,2018-11-18T22:08:56.483500Z,9,s,0.333,0.001529
8279,2018-11-18T22:09:00.320500Z,24,s,0.323,0.005537
8280,2018-11-18T22:09:12.765500Z,5,p,0.445,0.001706
8281,2018-11-18T22:10:59.449500Z,20,p,0.399,0.002076
8282,2018-11-18T22:10:59.698000Z,20,s,0.608,0.002076
8283,2018-11-18T22:11:01.557500Z,22,s,0.422,0.002623
8284,2018-11-18T22:11:09.696500Z,11,s,0.726,0.003603
8285,2018-11-18T22:11:55.405500Z,23,s,0.411,0.002764
8286,2018-11-18T22:11:58.002500Z,3,p,0.482,0.002093
8287,2018-11-18T22:13:24.694500Z,23,p,0.346,0.002644
8288,2018-11-18T22:13:24.820000Z,23,s,0.502,0.002644
8289,2018-11-18T22:13:33.008500Z,20,s,0.407,0.001783
8290,2018-11-18T22:13:34.881500Z,5,s,0.698,0.002515
8291,2018-11-18T22:13:58.682000Z,1,p,0.473,0.002403
8292,2018-11-18T22:13:58.764000Z,1,s,0.5,0.002403
8293,2018-11-18T22:14:24.405500Z,23,s,0.632,0.002866
8294,2018-11-18T22:14:25.389500Z,13,p,0.815,0.002245
8295,2018-11-18T22:14:25.565500Z,13,s,0.414,0.001521
8296,2018-11-18T22:14:38.635500Z,16,p,0.523,0.01936
8297,2018-11-18T22:14:38.636500Z,16,s,0.432,0.01936
8298,2018-11-18T22:15:33.569500Z,3,p,0.304,0.002058
8299,2018-11-18T22:15:33.589500Z,5,p,0.366,0.001886
8300,2018-11-18T22:16:35.430500Z,22,s,0.72,0.005103
8301,2018-11-18T22:16:56.172000Z,20,s,0.822,0.002518
8302,2018-11-18T22:17:01.591000Z,5,s,0.742,0.002319
8303,2018-11-18T22:17:10.893500Z,20,s,0.448,0.002156
8304,2018-11-18T22:17:23.150000Z,23,s,0.358,0.002033
8305,2018-11-18T22:18:33.278000Z,20,p,0.646,0.002446
8306,2018-11-18T22:18:33.541000Z,20,s,0.722,0.002446
8307,2018-11-18T22:18:57.733500Z,5,s,0.83,0.002592
8308,2018-11-18T22:19:06.321500Z,11,p,0.641,0.003912
8309,2018-11-18T22:19:06.431000Z,11,s,0.886,0.003912
8310,2018-11-18T22:19:37.508000Z,20,s,0.505,0.001704
8311,2018-11-18T22:20:36.699500Z,20,s,0.488,0.001698
8312,2018-11-18T22:21:04.931500Z,13,s,0.452,0.002421
8313,2018-11-18T22:21:12.705500Z,24,s,0.595,0.00504
8314,2018-11-18T22:21:26.745500Z,4,s,0.638,0.00623
8315,2018-11-18T22:21:28.225500Z,17,s,0.535,0.005799
8316,2018-11-18T22:22:16.148000Z,20,s,0.688,0.00273
8317,2018-11-18T22:22:36.711000Z,19,s,0.771,0.004193
8318,2018-11-18T22:22:50.340000Z,23,s,0.455,0.002674
8319,2018-11-18T22:23:02.392500Z,19,s,0.506,0.003903
8320,2018-11-18T22:24:43.673500Z,16,p,0.969,0.0974
8321,2018-11-18T22:24:43.695500Z,16,s,0.484,0.02851
8322,2018-11-18T22:24:48.384500Z,5,s,0.798,0.002609
8323,2018-11-18T22:25:34.290500Z,24,p,0.514,0.005172
8324,2018-11-18T22:25:34.294000Z,23,p,0.711,0.00489
8325,2018-11-18T22:25:34.343000Z,24,s,0.838,0.005172
8326,2018-11-18T22:25:34.352500Z,23,s,0.891,0.00489
8327,2018-11-18T22:25:34.361500Z,22,s,0.694,0.003263
8328,2018-11-18T22:25:34.367500Z,21,s,0.444,0.002299
8329,2018-11-18T22:25:34.378000Z,20,s,0.644,0.002719
8330,2018-11-18T22:27:06.942000Z,20,s,0.854,0.002467
8331,2018-11-18T22:27:07.820000Z,20,p,0.557,0.001168
8332,2018-11-18T22:27:07.943500Z,20,p,0.604,0.003457
8333,2018-11-18T22:27:08.064000Z,20,s,0.849,0.003457
8334,2018-11-18T22:27:19.820000Z,20,s,0.559,0.002086
8335,2018-11-18T22:27:37.952500Z,11,s,0.753,0.003909
8336,2018-11-18T22:29:25.236500Z,22,s,0.385,0.004997
8337,2018-11-18T22:31:15.632500Z,20,s,0.581,0.002048
8338,2018-11-18T22:32:11.905500Z,15,p,0.363,0.0234
8339,2018-11-18T22:32:11.906000Z,15,s,0.306,0.0234
8340,2018-11-18T22:32:13.348500Z,5,p,0.385,0.001675
8341,2018-11-18T22:32:13.481000Z,5,s,0.836,0.001675
8342,2018-11-18T22:32:42.609000Z,20,s,0.744,0.002692
8343,2018-11-18T22:33:06.561000Z,1,s,0.721,0.00256
8344,2018-11-18T22:33:29.756000Z,24,p,0.385,0.005119
8345,2018-11-18T22:33:29.844000Z,24,s,0.759,0.005119
8346,2018-11-18T22:33:33.078500Z,20,p,0.431,0.001781
8347,2018-11-18T22:33:33.229500Z,20,s,0.415,0.001781
8348,2018-11-18T22:33:37.735500Z,24,p,0.983,1.495
8349,2018-11-18T22:33:37.740000Z,23,p,0.984,1.504
8350,2018-11-18T22:33:37.745500Z,22,p,0.984,1.002
8351,2018-11-18T22:33:37.750500Z,21,p,0.981,0.681
8352,2018-11-18T22:33:37.756000Z,20,p,0.985,0.8703
8353,2018-11-18T22:33:37.761500Z,19,p,0.987,0.4285
8354,2018-11-18T22:33:37.766000Z,18,p,0.976,0.4729
8355,2018-11-18T22:33:37.771500Z,17,p,0.98,0.361
8356,2018-11-18T22:33:37.777000Z,16,p,0.983,0.2871
8357,2018-11-18T22:33:37.781500Z,15,p,0.975,0.222
8358,2018-11-18T22:33:37.787500Z,14,p,0.976,0.4317
8359,2018-11-18T22:33:37.793500Z,13,p,0.976,0.233
8360,2018-11-18T22:33:37.798000Z,12,p,0.973,0.2312
8361,2018-11-18T22:33:37.803500Z,11,p,0.98,0.1132
8362,2018-11-18T22:33:37.808000Z,10,p,0.978,0.1059
8363,2018-11-18T22:33:37.808500Z,24,s,0.952,1.495
8364,2018-11-18T22:33:37.813500Z,9,p,0.978,0.0861
8365,2018-11-18T22:33:37.817000Z,23,s,0.962,1.504
8366,2018-11-18T22:33:37.819500Z,8,p,0.982,0.1658
8367,2018-11-18T22:33:37.824000Z,7,p,0.981,0.1439
8368,2018-11-18T22:33:37.825000Z,22,s,0.962,1.002
8369,2018-11-18T22:33:37.829000Z,6,p,0.978,0.1293
8370,2018-11-18T22:33:37.833500Z,21,s,0.973,0.681
8371,2018-11-18T22:33:37.835000Z,5,p,0.982,0.0834
8372,2018-11-18T22:33:37.840000Z,4,p,0.979,0.1044
8373,2018-11-18T22:33:37.842500Z,20,s,0.945,0.8703
8374,2018-11-18T22:33:37.845500Z,3,p,0.974,0.1189
8375,2018-11-18T22:33:37.850500Z,19,s,0.962,0.4285
8376,2018-11-18T22:33:37.851500Z,2,p,0.971,0.1151
8377,2018-11-18T22:33:37.856000Z,1,p,0.946,0.07952
8378,2018-11-18T22:33:37.861500Z,18,s,0.953,0.4729
8379,2018-11-18T22:33:37.868500Z,17,s,0.962,0.361
8380,2018-11-18T22:33:37.880000Z,16,s,0.932,0.2871
8381,2018-11-18T22:33:37.888000Z,15,s,0.925,0.222
8382,2018-11-18T22:33:37.900500Z,14,s,0.871,0.4317
8383,2018-11-18T22:33:37.908000Z,13,s,0.936,0.233
8384,2018-11-18T22:33:37.916000Z,12,s,0.937,0.2312
8385,2018-11-18T22:33:37.923000Z,11,s,0.84,0.1132
8386,2018-11-18T22:33:37.939000Z,10,s,0.9,0.1059
8387,2018-11-18T22:33:37.945000Z,9,s,0.909,0.0861
8388,2018-11-18T22:33:37.954000Z,8,s,0.854,0.1658
8389,2018-11-18T22:33:37.961000Z,7,s,0.899,0.1439
8390,2018-11-18T22:33:37.971500Z,6,s,0.923,0.1293
8391,2018-11-18T22:33:37.979000Z,5,s,0.912,0.0834
8392,2018-11-18T22:33:37.987000Z,4,s,0.9,0.08914
8393,2018-11-18T22:33:37.998000Z,3,s,0.936,0.1189
8394,2018-11-18T22:33:38.007000Z,2,s,0.903,0.1151
8395,2018-11-18T22:33:38.014500Z,1,s,0.844,0.07952
8396,2018-11-18T22:34:26.031500Z,23,p,0.508,0.003476
8397,2018-11-18T22:34:26.109500Z,23,s,0.762,0.003476
8398,2018-11-18T22:34:29.166000Z,20,p,0.468,0.001788
8399,2018-11-18T22:34:29.486000Z,20,s,0.311,0.001609
8400,2018-11-18T22:34:34.736500Z,22,s,0.782,0.002416
8401,2018-11-18T22:35:40.932500Z,20,p,0.304,0.001721
8402,2018-11-18T22:35:41.080500Z,20,p,0.302,0.002029
8403,2018-11-18T22:35:54.599500Z,11,p,0.501,0.003734
8404,2018-11-18T22:35:54.706000Z,11,s,0.612,0.003734
8405,2018-11-18T22:35:55.214500Z,20,p,0.347,0.002208
8406,2018-11-18T22:35:55.342000Z,20,p,0.949,0.008936
8407,2018-11-18T22:35:55.342000Z,21,p,0.9,0.01776
8408,2018-11-18T22:36:22.108500Z,20,p,0.35,0.001708
8409,2018-11-18T22:36:22.181500Z,24,s,0.649,0.002509
8410,2018-11-18T22:36:22.191500Z,23,s,0.637,0.002496
8411,2018-11-18T22:36:22.197500Z,22,s,0.49,0.002025
8412,2018-11-18T22:36:22.221500Z,20,s,0.531,0.001708
8413,2018-11-18T22:38:15.181000Z,20,s,0.817,0.003139
8414,2018-11-18T22:38:33.481500Z,5,s,0.749,0.0024
8415,2018-11-18T22:38:41.105500Z,15,p,0.586,0.006581
8416,2018-11-18T22:38:49.165500Z,5,s,0.583,0.003468
8417,2018-11-18T22:39:16.895500Z,22,s,0.606,0.002765
8418,2018-11-18T22:39:34.824500Z,24,s,0.319,0.00621
8419,2018-11-18T22:39:53.365500Z,3,s,0.719,0.004793
8420,2018-11-18T22:40:01.749500Z,13,p,0.335,0.001894
8421,2018-11-18T22:40:02.251500Z,4,s,0.58,0.001971
8422,2018-11-18T22:40:02.251500Z,5,s,0.653,0.003751
8423,2018-11-18T22:40:41.057000Z,11,s,0.861,0.002863
8424,2018-11-18T22:40:46.563000Z,15,p,0.932,0.0199
8425,2018-11-18T22:40:46.586500Z,15,s,0.797,0.006392
8426,2018-11-18T22:41:53.980000Z,15,s,0.836,0.0117
8427,2018-11-18T22:42:29.469500Z,20,s,0.5,0.002661
8428,2018-11-18T22:44:23.978000Z,5,s,0.744,0.003123
8429,2018-11-18T22:44:50.047500Z,23,s,0.41,0.002249
8430,2018-11-18T22:45:06.724000Z,11,s,0.551,0.003915
8431,2018-11-18T22:45:26.552500Z,24,s,0.513,0.007386
8432,2018-11-18T22:46:10.537500Z,23,p,0.355,0.003035
8433,2018-11-18T22:46:10.676000Z,23,s,0.644,0.003035
8434,2018-11-18T22:46:14.047500Z,2,s,0.659,0.002155
8435,2018-11-18T22:46:24.606500Z,16,s,0.787,0.0413
8436,2018-11-18T22:46:35.633500Z,3,p,0.356,0.002753
8437,2018-11-18T22:46:35.760500Z,3,s,0.601,0.002753
8438,2018-11-18T22:46:54.532000Z,24,p,0.981,0.09362
8439,2018-11-18T22:46:54.537000Z,23,p,0.976,0.04444
8440,2018-11-18T22:46:54.541500Z,22,p,0.977,0.03239
8441,2018-11-18T22:46:54.545500Z,21,p,0.977,0.02539
8442,2018-11-18T22:46:54.550000Z,20,p,0.983,0.01902
8443,2018-11-18T22:46:54.555500Z,19,p,0.973,0.02079
8444,2018-11-18T22:46:54.559500Z,18,p,0.974,0.0168
8445,2018-11-18T22:46:54.564000Z,17,p,0.956,0.01322
8446,2018-11-18T22:46:54.569000Z,16,p,0.97,0.02071
8447,2018-11-18T22:46:54.575000Z,15,p,0.956,0.009556
8448,2018-11-18T22:46:54.579000Z,14,p,0.967,0.01152
8449,2018-11-18T22:46:54.585500Z,13,p,0.974,0.01382
8450,2018-11-18T22:46:54.589500Z,12,p,0.968,0.008258
8451,2018-11-18T22:46:54.593500Z,11,p,0.957,0.004942
8452,2018-11-18T22:46:54.599000Z,10,p,0.955,0.004161
8453,2018-11-18T22:46:54.604000Z,9,p,0.961,0.003643
8454,2018-11-18T22:46:54.611000Z,8,p,0.963,0.005223
8455,2018-11-18T22:46:54.615500Z,7,p,0.948,0.004737
8456,2018-11-18T22:46:54.617000Z,24,s,0.965,0.09362
8457,2018-11-18T22:46:54.621500Z,6,p,0.974,0.004285
8458,2018-11-18T22:46:54.623500Z,23,s,0.965,0.04444
8459,2018-11-18T22:46:54.624000Z,5,p,0.94,0.006235
8460,2018-11-18T22:46:54.630000Z,22,s,0.892,0.03239
8461,2018-11-18T22:46:54.631000Z,4,p,0.972,0.006788
8462,2018-11-18T22:46:54.635500Z,3,p,0.966,0.005381
8463,2018-11-18T22:46:54.638000Z,21,s,0.959,0.01464
8464,2018-11-18T22:46:54.641000Z,2,p,0.969,0.003181
8465,2018-11-18T22:46:54.645500Z,1,p,0.966,0.002655
8466,2018-11-18T22:46:54.645500Z,20,s,0.943,0.01691
8467,2018-11-18T22:46:54.652500Z,19,s,0.952,0.008141
8468,2018-11-18T22:46:54.662500Z,18,s,0.915,0.0133
8469,2018-11-18T22:46:54.670000Z,17,s,0.884,0.008477
8470,2018-11-18T22:46:54.680000Z,16,s,0.919,0.009776
8471,2018-11-18T22:46:54.692500Z,15,s,0.878,0.00772
8472,2018-11-18T22:46:54.699500Z,14,s,0.932,0.01035
8473,2018-11-18T22:46:54.702500Z,13,s,0.897,0.01038
8474,2018-11-18T22:46:54.713500Z,12,s,0.579,0.007325
8475,2018-11-18T22:46:54.728500Z,11,s,0.645,0.004942
8476,2018-11-18T22:46:54.734500Z,10,s,0.641,0.003958
8477,2018-11-18T22:46:54.742000Z,9,s,0.777,0.003643
8478,2018-11-18T22:46:54.750000Z,8,s,0.741,0.005223
8479,2018-11-18T22:46:54.756000Z,7,s,0.82,0.004233
8480,2018-11-18T22:46:54.766500Z,6,s,0.735,0.003692
8481,2018-11-18T22:46:54.774000Z,5,s,0.895,0.002142
8482,2018-11-18T22:46:54.780500Z,4,s,0.793,0.006788
8483,2018-11-18T22:46:54.790000Z,3,s,0.8,0.002914
8484,2018-11-18T22:46:54.799000Z,2,s,0.764,0.002557
8485,2018-11-18T22:46:54.809000Z,1,s,0.506,0.001841
8486,2018-11-18T22:47:50.500500Z,20,s,0.777,0.002829
8487,2018-11-18T22:49:59.929500Z,5,s,0.61,0.002628
8488,2018-11-18T22:50:00.684000Z,22,s,0.799,0.006298
8489,2018-11-18T22:50:14.365500Z,5,s,0.836,0.002412
8490,2018-11-18T22:50:21.657500Z,22,s,0.575,0.00241
8491,2018-11-18T22:50:53.275500Z,24,s,0.434,0.002251
8492,2018-11-18T22:51:28.784500Z,24,s,0.641,0.004398
8493,2018-11-18T22:52:10.129500Z,1,p,0.777,0.002376
8494,2018-11-18T22:52:10.261000Z,1,s,0.803,0.002376
8495,2018-11-18T22:52:26.925500Z,20,s,0.456,0.001765
8496,2018-11-18T22:52:36.446500Z,20,s,0.66,0.002761
8497,2018-11-18T22:52:39.957500Z,11,s,0.761,0.00352
8498,2018-11-18T22:52:39.985500Z,20,p,0.544,0.002887
8499,2018-11-18T22:52:40.114000Z,20,s,0.798,0.002887
8500,2018-11-18T22:53:13.545500Z,8,s,0.63,0.002796
8501,2018-11-18T22:53:45.789500Z,20,s,0.552,0.001936
8502,2018-11-18T22:54:51.069500Z,20,s,0.37,0.001889
8503,2018-11-18T22:54:53.624500Z,3,s,0.749,0.002887
8504,2018-11-18T22:56:37.925500Z,1,s,0.515,0.001851
8505,2018-11-18T22:57:35.101500Z,24,s,0.741,0.004799
8506,2018-11-18T22:57:45.848500Z,24,s,0.666,0.005951
8507,2018-11-18T22:58:10.558000Z,20,s,0.777,0.003031
8508,2018-11-18T22:58:14.517500Z,20,s,0.324,0.002029
8509,2018-11-18T22:58:18.797500Z,23,s,0.457,0.002666
8510,2018-11-18T22:58:41.816500Z,5,s,0.732,0.003444
8511,2018-11-18T22:59:06.236500Z,7,p,0.386,0.003367
8512,2018-11-18T22:59:06.325500Z,7,s,0.342,0.003367
8513,2018-11-18T22:59:26.712000Z,16,p,0.953,0.006617
8514,2018-11-18T22:59:26.743000Z,16,s,0.946,0.004308
8515,2018-11-18T22:59:38.785500Z,20,s,0.564,0.002023
8516,2018-11-18T23:00:47.900500Z,20,p,0.504,0.001622
8517,2018-11-18T23:00:48.068000Z,20,s,0.563,0.001622
8518,2018-11-18T23:00:59.521000Z,11,s,0.879,0.003507
8519,2018-11-18T23:01:22.024500Z,13,s,0.704,0.003143
8520,2018-11-18T23:01:37.717500Z,5,s,0.521,0.003681
8521,2018-11-18T23:02:18.869500Z,4,s,0.756,0.006254
8522,2018-11-18T23:02:50.752500Z,19,s,0.423,0.003461
8523,2018-11-18T23:03:21.247500Z,20,s,0.529,0.001605
8524,2018-11-18T23:03:43.246500Z,20,s,0.424,0.003651
8525,2018-11-18T23:05:07.276500Z,22,p,0.332,0.004733
8526,2018-11-18T23:05:07.328500Z,22,s,0.822,0.004733
8527,2018-11-18T23:05:18.721000Z,11,p,0.66,0.003539
8528,2018-11-18T23:05:53.556000Z,20,s,0.527,0.001978
8529,2018-11-18T23:06:59.032500Z,23,s,0.499,0.002769
8530,2018-11-18T23:07:20.276000Z,22,s,0.309,0.002522
8531,2018-11-18T23:07:28.201500Z,11,s,0.505,0.004976
8532,2018-11-18T23:07:55.708500Z,20,p,0.495,0.002563
8533,2018-11-18T23:07:55.902000Z,20,s,0.798,0.002563
8534,2018-11-18T23:08:14.197500Z,5,s,0.632,0.003029
8535,2018-11-18T23:08:54.853500Z,19,s,0.43,0.001776
8536,2018-11-18T23:09:03.413500Z,20,s,0.455,0.001477
8537,2018-11-18T23:09:54.075000Z,24,p,0.971,0.0623
8538,2018-11-18T23:09:54.080000Z,23,p,0.981,0.04175
8539,2018-11-18T23:09:54.085000Z,22,p,0.965,0.03055
8540,2018-11-18T23:09:54.091500Z,15,p,0.363,0.00127
8541,2018-11-18T23:09:54.092000Z,21,p,0.979,0.01993
8542,2018-11-18T23:09:54.097500Z,20,p,0.974,0.01188
8543,2018-11-18T23:09:54.098500Z,19,p,0.627,0.006053
8544,2018-11-18T23:09:54.109000Z,18,p,0.953,0.004708
8545,2018-11-18T23:09:54.114000Z,17,p,0.768,0.005099
8546,2018-11-18T23:09:54.114500Z,24,s,0.962,0.0623
8547,2018-11-18T23:09:54.121000Z,16,p,0.973,0.005667
8548,2018-11-18T23:09:54.123000Z,23,s,0.965,0.04175
8549,2018-11-18T23:09:54.128500Z,15,p,0.453,0.004552
8550,2018-11-18T23:09:54.132500Z,22,s,0.962,0.03055
8551,2018-11-18T23:09:54.133000Z,14,p,0.907,0.004511
8552,2018-11-18T23:09:54.139000Z,13,p,0.971,0.00405
8553,2018-11-18T23:09:54.142000Z,21,s,0.964,0.01993
8554,2018-11-18T23:09:54.144500Z,12,p,0.452,0.002153
8555,2018-11-18T23:09:54.150000Z,11,p,0.867,0.001783
8556,2018-11-18T23:09:54.152500Z,10,p,0.808,0.002012
8557,2018-11-18T23:09:54.152500Z,20,s,0.942,0.01188
8558,2018-11-18T23:09:54.159500Z,9,p,0.477,0.002409
8559,2018-11-18T23:09:54.162000Z,19,s,0.914,0.006053
8560,2018-11-18T23:09:54.166500Z,8,p,0.858,0.002325
8561,2018-11-18T23:09:54.173500Z,18,s,0.915,0.004708
8562,2018-11-18T23:09:54.182500Z,17,s,0.917,0.005099
8563,2018-11-18T23:09:54.193000Z,16,s,0.809,0.005667
8564,2018-11-18T23:09:54.198000Z,15,s,0.792,0.004552
8565,2018-11-18T23:09:54.212000Z,14,s,0.648,0.004511
8566,2018-11-18T23:09:54.218000Z,13,s,0.73,0.00405
8567,2018-11-18T23:09:54.229500Z,12,s,0.599,0.002088
8568,2018-11-18T23:09:54.242500Z,11,s,0.57,0.001608
8569,2018-11-18T23:09:54.251000Z,10,s,0.758,0.001892
8570,2018-11-18T23:09:54.260500Z,9,s,0.635,0.001585
8571,2018-11-18T23:09:54.266500Z,8,s,0.65,0.00169
8572,2018-11-18T23:10:30.146000Z,15,s,0.432,0.004501
8573,2018-11-18T23:11:23.768500Z,15,s,0.456,0.006666
8574,2018-11-18T23:11:23.769500Z,15,p,0.37,0.006666
8575,2018-11-18T23:11:30.253500Z,3,p,0.395,0.00219
8576,2018-11-18T23:11:38.130500Z,5,s,0.315,0.002316
8577,2018-11-18T23:12:15.113500Z,23,s,0.41,0.002357
8578,2018-11-18T23:13:09.554500Z,20,s,0.42,0.001652
8579,2018-11-18T23:13:16.766000Z,20,s,0.84,0.00231
8580,2018-11-18T23:14:24.631000Z,5,s,0.784,0.002701
8581,2018-11-18T23:15:42.892500Z,24,s,0.518,0.004658
8582,2018-11-18T23:16:30.696500Z,23,s,0.337,0.003358
8583,2018-11-18T23:16:40.240000Z,15,s,0.328,0.007746
8584,2018-11-18T23:17:15.503500Z,22,p,0.305,0.004759
8585,2018-11-18T23:17:15.628000Z,22,s,0.336,0.004759
8586,2018-11-18T23:18:11.112500Z,5,s,0.835,0.002932
8587,2018-11-18T23:18:12.519000Z,20,s,0.829,0.003417
8588,2018-11-18T23:20:40.499500Z,15,p,0.468,0.01058
8589,2018-11-18T23:20:40.501500Z,15,s,0.3,0.01058
8590,2018-11-18T23:20:56.640000Z,15,s,0.706,0.01613
8591,2018-11-18T23:20:58.383500Z,20,s,0.393,0.001938
8592,2018-11-18T23:21:48.237500Z,24,s,0.747,0.006086
8593,2018-11-18T23:23:14.876500Z,11,p,0.394,0.003593
8594,2018-11-18T23:23:15.000500Z,11,s,0.762,0.003593
8595,2018-11-18T23:23:15.796500Z,20,p,0.404,0.00259
8596,2018-11-18T23:23:15.922500Z,20,s,0.805,0.00259
8597,2018-11-18T23:23:32.594000Z,24,p,0.914,0.008142
8598,2018-11-18T23:23:32.599500Z,23,p,0.981,0.01446
8599,2018-11-18T23:23:32.605500Z,22,p,0.962,0.01436
8600,2018-11-18T23:23:32.611500Z,21,p,0.968,0.009832
8601,2018-11-18T23:23:32.616000Z,20,p,0.679,0.00431
8602,2018-11-18T23:23:32.623000Z,19,p,0.848,0.002378
8603,2018-11-18T23:23:32.636000Z,24,s,0.938,0.008142
8604,2018-11-18T23:23:32.647000Z,23,s,0.956,0.01446
8605,2018-11-18T23:23:32.656000Z,22,s,0.923,0.01436
8606,2018-11-18T23:23:32.666000Z,21,s,0.877,0.009832
8607,2018-11-18T23:23:32.676000Z,20,s,0.636,0.00431
8608,2018-11-18T23:23:32.684500Z,19,s,0.845,0.002378
8609,2018-11-18T23:23:55.532000Z,20,s,0.719,0.001446
8610,2018-11-18T23:25:07.265000Z,14,p,0.601,0.01068
8611,2018-11-18T23:25:18.052000Z,5,s,0.449,0.002811
8612,2018-11-18T23:25:44.696500Z,3,s,0.312,0.002508
8613,2018-11-18T23:26:09.235000Z,12,p,0.971,0.03141
8614,2018-11-18T23:26:09.240000Z,11,s,0.864,0.01465
8615,2018-11-18T23:26:09.242000Z,13,s,0.365,0.003272
8616,2018-11-18T23:26:44.931500Z,20,p,0.535,0.001975
8617,2018-11-18T23:26:45.170500Z,20,s,0.659,0.001975
8618,2018-11-18T23:26:52.308500Z,22,s,0.783,0.005109
8619,2018-11-18T23:27:52.407500Z,19,p,0.382,0.003063
8620,2018-11-18T23:27:52.541500Z,19,s,0.75,0.003063
8621,2018-11-18T23:27:53.388500Z,24,s,0.404,0.005123
8622,2018-11-18T23:28:05.665500Z,20,s,0.336,0.001817
8623,2018-11-18T23:28:46.033500Z,20,p,0.719,0.003467
8624,2018-11-18T23:28:46.150000Z,20,s,0.808,0.003467
8625,2018-11-18T23:29:01.212000Z,22,s,0.576,0.002202
8626,2018-11-18T23:29:27.929500Z,20,s,0.315,0.00224
8627,2018-11-18T23:30:40.284500Z,20,p,0.653,0.001836
8628,2018-11-18T23:30:40.491500Z,20,s,0.342,0.001836
8629,2018-11-18T23:31:02.832500Z,8,s,0.464,0.002866
8630,2018-11-18T23:31:16.451500Z,11,s,0.66,0.003972
8631,2018-11-18T23:31:21.444000Z,13,s,0.39,0.002094
8632,2018-11-18T23:31:44.092000Z,20,s,0.671,0.001735
8633,2018-11-18T23:31:55.208500Z,5,s,0.738,0.003008
8634,2018-11-18T23:31:56.872500Z,23,s,0.455,0.003044
8635,2018-11-18T23:32:30.220500Z,3,p,0.389,0.00328
8636,2018-11-18T23:33:25.205500Z,6,p,0.332,0.001859
8637,2018-11-18T23:33:34.453500Z,13,p,0.414,0.01291
8638,2018-11-18T23:33:34.489500Z,13,s,0.855,0.01291
8639,2018-11-18T23:33:56.996500Z,24,s,0.511,0.005427
8640,2018-11-18T23:34:13.543500Z,23,s,0.376,0.002301
8641,2018-11-18T23:34:49.916500Z,20,s,0.428,0.001701
8642,2018-11-18T23:34:57.457500Z,23,p,0.442,0.009362
8643,2018-11-18T23:34:57.569000Z,23,s,0.82,0.009362
8644,2018-11-18T23:35:50.256500Z,17,s,0.747,0.002056
8645,2018-11-18T23:36:34.526000Z,5,p,0.367,0.002641
8646,2018-11-18T23:36:34.579000Z,5,s,0.769,0.002641
8647,2018-11-18T23:36:49.550000Z,13,s,0.407,0.003701
8648,2018-11-18T23:37:24.645500Z,20,s,0.536,0.002115
8649,2018-11-18T23:38:36.693500Z,20,p,0.799,0.002777
8650,2018-11-18T23:38:36.863000Z,20,s,0.788,0.002777
8651,2018-11-18T23:38:41.209500Z,20,s,0.343,0.001718
8652,2018-11-18T23:38:59.375500Z,3,p,0.512,0.003958
8653,2018-11-18T23:38:59.517500Z,3,s,0.836,0.003958
8654,2018-11-18T23:39:05.636000Z,5,s,0.746,0.003939
8655,2018-11-18T23:39:42.219500Z,23,s,0.561,0.002286
8656,2018-11-18T23:39:50.998000Z,11,s,0.83,0.004636
8657,2018-11-18T23:41:06.376000Z,22,p,0.699,0.004562
8658,2018-11-18T23:41:06.447500Z,22,s,0.711,0.004562
8659,2018-11-18T23:42:27.768500Z,20,s,0.505,0.002917
8660,2018-11-18T23:42:57.461500Z,4,s,0.735,0.005958
8661,2018-11-18T23:43:20.357000Z,20,s,0.509,0.001844
8662,2018-11-18T23:43:22.034000Z,20,s,0.662,0.002386
8663,2018-11-18T23:44:23.053000Z,20,s,0.636,0.001668
8664,2018-11-18T23:45:23.699500Z,20,s,0.327,0.001467
8665,2018-11-18T23:46:16.141500Z,20,s,0.446,0.001536
8666,2018-11-18T23:46:37.621500Z,22,s,0.705,0.002907
8667,2018-11-18T23:46:55.948000Z,5,p,0.469,0.003721
8668,2018-11-18T23:46:56.014500Z,5,s,0.883,0.003721
8669,2018-11-18T23:47:05.708000Z,24,p,0.977,0.03023
8670,2018-11-18T23:47:05.713500Z,23,p,0.983,0.02514
8671,2018-11-18T23:47:05.718000Z,22,p,0.98,0.0152
8672,2018-11-18T23:47:05.723500Z,21,p,0.982,0.01262
8673,2018-11-18T23:47:05.724000Z,7,p,0.44,0.001391
8674,2018-11-18T23:47:05.729000Z,20,p,0.979,0.007644
8675,2018-11-18T23:47:05.734000Z,19,p,0.962,0.007527
8676,2018-11-18T23:47:05.740500Z,18,p,0.978,0.005457
8677,2018-11-18T23:47:05.747000Z,17,p,0.966,0.007506
8678,2018-11-18T23:47:05.752000Z,16,p,0.978,0.008567
8679,2018-11-18T23:47:05.757500Z,15,p,0.944,0.00729
8680,2018-11-18T23:47:05.762500Z,14,p,0.928,0.007011
8681,2018-11-18T23:47:05.770000Z,13,p,0.963,0.005145
8682,2018-11-18T23:47:05.772500Z,24,s,0.929,0.03023
8683,2018-11-18T23:47:05.776000Z,12,p,0.974,0.004582
8684,2018-11-18T23:47:05.778000Z,6,p,0.366,0.001458
8685,2018-11-18T23:47:05.779000Z,23,s,0.96,0.02514
8686,2018-11-18T23:47:05.781000Z,11,p,0.953,0.002768
8687,2018-11-18T23:47:05.783500Z,10,p,0.88,0.002831
8688,2018-11-18T23:47:05.786500Z,22,s,0.913,0.0152
8689,2018-11-18T23:47:05.791500Z,9,p,0.842,0.003046
8690,2018-11-18T23:47:05.794000Z,8,p,0.725,0.003763
8691,2018-11-18T23:47:05.796500Z,21,s,0.903,0.01262
8692,2018-11-18T23:47:05.801000Z,7,p,0.828,0.003172
8693,2018-11-18T23:47:05.805500Z,20,s,0.954,0.007644
8694,2018-11-18T23:47:05.807500Z,2,p,0.379,0.002431
8695,2018-11-18T23:47:05.808500Z,6,p,0.373,0.002194
8696,2018-11-18T23:47:05.814500Z,19,s,0.93,0.007527
8697,2018-11-18T23:47:05.822500Z,4,p,0.549,0.002189
8698,2018-11-18T23:47:05.825000Z,18,s,0.878,0.005457
8699,2018-11-18T23:47:05.825500Z,5,p,0.386,0.002057
8700,2018-11-18T23:47:05.831500Z,3,p,0.613,0.002421
8701,2018-11-18T23:47:05.832000Z,17,s,0.864,0.007506
8702,2018-11-18T23:47:05.842000Z,16,s,0.675,0.008567
8703,2018-11-18T23:47:05.853000Z,15,s,0.93,0.00729
8704,2018-11-18T23:47:05.855500Z,1,p,0.449,0.002063
8705,2018-11-18T23:47:05.863000Z,14,s,0.879,0.007011
8706,2018-11-18T23:47:05.874500Z,13,s,0.719,0.005145
8707,2018-11-18T23:47:05.882500Z,12,s,0.777,0.004582
8708,2018-11-18T23:47:05.893000Z,11,s,0.833,0.002768
8709,2018-11-18T23:47:05.902000Z,10,s,0.9,0.002831
8710,2018-11-18T23:47:05.913000Z,9,s,0.868,0.003046
8711,2018-11-18T23:47:05.920000Z,8,s,0.907,0.003763
8712,2018-11-18T23:47:05.929500Z,7,s,0.923,0.003172
8713,2018-11-18T23:47:05.940000Z,6,s,0.729,0.002194
8714,2018-11-18T23:47:05.946500Z,5,s,0.728,0.002057
8715,2018-11-18T23:47:05.956500Z,4,s,0.823,0.002189
8716,2018-11-18T23:47:05.968000Z,3,s,0.847,0.002421
8717,2018-11-18T23:47:05.977000Z,2,s,0.827,0.002431
8718,2018-11-18T23:47:05.987000Z,1,s,0.816,0.002063
8719,2018-11-18T23:47:40.848500Z,23,s,0.489,0.003376
8720,2018-11-18T23:48:07.698000Z,11,s,0.784,0.004127
8721,2018-11-18T23:48:18.474000Z,5,p,0.697,0.003413
8722,2018-11-18T23:48:18.589000Z,5,s,0.683,0.003413
8723,2018-11-18T23:48:29.917500Z,20,s,0.773,0.002734
8724,2018-11-18T23:48:48.536500Z,23,s,0.439,0.00338
8725,2018-11-18T23:48:49.288500Z,1,s,0.683,0.002542
8726,2018-11-18T23:48:49.621000Z,16,s,0.888,0.003909
8727,2018-11-18T23:49:24.892500Z,20,p,0.481,0.001895
8728,2018-11-18T23:49:25.135500Z,20,s,0.473,0.001895
8729,2018-11-18T23:50:11.882000Z,19,p,0.4,0.003582
8730,2018-11-18T23:50:11.962500Z,19,s,0.588,0.003582
8731,2018-11-18T23:50:25.504500Z,20,s,0.375,0.00218
8732,2018-11-18T23:51:37.248500Z,13,s,0.318,0.003432
8733,2018-11-18T23:52:07.773500Z,3,s,0.539,0.004045
8734,2018-11-18T23:52:09.809500Z,24,s,0.626,0.004942
8735,2018-11-18T23:53:38.956000Z,20,s,0.323,0.002297
8736,2018-11-18T23:54:00.765500Z,20,p,0.744,0.00318
8737,2018-11-18T23:54:05.303500Z,1,s,0.344,0.001625
8738,2018-11-18T23:54:14.501500Z,3,s,0.45,0.002704
8739,2018-11-18T23:55:07.617000Z,15,p,0.814,0.009759
8740,2018-11-18T23:55:07.620000Z,15,s,0.307,0.009759
8741,2018-11-18T23:55:10.264500Z,23,p,0.355,0.003328
8742,2018-11-18T23:55:11.810500Z,20,s,0.393,0.001872
8743,2018-11-18T23:55:12.091500Z,5,s,0.762,0.004274
8744,2018-11-18T23:55:36.997500Z,11,s,0.771,0.003514
8745,2018-11-18T23:56:09.723500Z,24,p,0.986,0.06199
8746,2018-11-18T23:56:09.729500Z,23,p,0.987,0.1057
8747,2018-11-18T23:56:09.735000Z,22,p,0.967,0.05158
8748,2018-11-18T23:56:09.739500Z,21,p,0.983,0.04441
8749,2018-11-18T23:56:09.745500Z,20,p,0.988,0.03053
8750,2018-11-18T23:56:09.751500Z,19,p,0.982,0.02519
8751,2018-11-18T23:56:09.756500Z,18,p,0.98,0.0314
8752,2018-11-18T23:56:09.762500Z,17,p,0.983,0.02453
8753,2018-11-18T23:56:09.767500Z,16,p,0.984,0.02477
8754,2018-11-18T23:56:09.773500Z,15,p,0.983,0.01002
8755,2018-11-18T23:56:09.780000Z,14,p,0.973,0.007609
8756,2018-11-18T23:56:09.781500Z,24,s,0.97,0.05731
8757,2018-11-18T23:56:09.787500Z,13,p,0.983,0.01233
8758,2018-11-18T23:56:09.791000Z,23,s,0.964,0.1035
8759,2018-11-18T23:56:09.792000Z,12,p,0.982,0.01328
8760,2018-11-18T23:56:09.797500Z,11,p,0.983,0.00753
8761,2018-11-18T23:56:09.800500Z,22,s,0.959,0.03742
8762,2018-11-18T23:56:09.803000Z,10,p,0.964,0.006282
8763,2018-11-18T23:56:09.809000Z,21,s,0.963,0.02057
8764,2018-11-18T23:56:09.809500Z,9,p,0.982,0.006661
8765,2018-11-18T23:56:09.815500Z,8,p,0.972,0.006375
8766,2018-11-18T23:56:09.818500Z,20,s,0.919,0.02351
8767,2018-11-18T23:56:09.821000Z,7,p,0.976,0.004484
8768,2018-11-18T23:56:09.825000Z,6,p,0.965,0.004446
8769,2018-11-18T23:56:09.826500Z,19,s,0.953,0.01731
8770,2018-11-18T23:56:09.831500Z,5,p,0.967,0.003325
8771,2018-11-18T23:56:09.836500Z,18,s,0.849,0.0168
8772,2018-11-18T23:56:09.837500Z,4,p,0.979,0.004341
8773,2018-11-18T23:56:09.843000Z,3,p,0.964,0.003552
8774,2018-11-18T23:56:09.846500Z,17,s,0.893,0.02015
8775,2018-11-18T23:56:09.847500Z,2,p,0.949,0.003224
8776,2018-11-18T23:56:09.853500Z,1,p,0.909,0.002542
8777,2018-11-18T23:56:09.857000Z,16,s,0.937,0.01341
8778,2018-11-18T23:56:09.866000Z,15,s,0.929,0.007193
8779,2018-11-18T23:56:09.876500Z,14,s,0.853,0.007047
8780,2018-11-18T23:56:09.889000Z,13,s,0.862,0.009052
8781,2018-11-18T23:56:09.898500Z,12,s,0.95,0.00958
8782,2018-11-18T23:56:09.908500Z,11,s,0.88,0.006858
8783,2018-11-18T23:56:09.919000Z,10,s,0.919,0.005517
8784,2018-11-18T23:56:09.928500Z,9,s,0.893,0.006661
8785,2018-11-18T23:56:09.939000Z,8,s,0.86,0.004797
8786,2018-11-18T23:56:09.947000Z,7,s,0.93,0.004152
8787,2018-11-18T23:56:09.957000Z,6,s,0.933,0.003054
8788,2018-11-18T23:56:09.966500Z,5,s,0.912,0.003325
8789,2018-11-18T23:56:09.976500Z,4,s,0.919,0.004341
8790,2018-11-18T23:56:09.987000Z,3,s,0.903,0.003552
8791,2018-11-18T23:56:09.996500Z,2,s,0.83,0.003224
8792,2018-11-18T23:56:10.010000Z,1,s,0.871,0.002542
8793,2018-11-18T23:58:09.708500Z,24,s,0.545,0.005321
8794,2018-11-18T23:58:18.835000Z,20,s,0.849,0.002599
8795,2018-11-18T23:59:44.612000Z,20,s,0.756,0.002046
8796,2018-11-18T23:59:59.887000Z,5,s,0.615,0.002598
